144.00
145.00
143.00
142.50
145.00
143.00
150.50
144.00
394.00
173.00
200.00
198.00
208.00
207.50
199.00
203.50
205.00
199.50
196.50
201.00
199.00
199.00
210.50
192.50
194.50
206.00
193.50
194.50
197.00
206.00
207.00
196.00
196.00
196.50
193.50
198.00
208.00
205.50
211.50
212.00
210.00
209.00
198.50
197.00
193.00
198.00
202.00
200.00
195.50
580.00
570.50
546.50
530.50
527.50
517.50
497.50
514.50
509.00
763.00
502.00
496.50
500.50
651.00
646.50
654.00
649.00
651.50
466.50
462.50
469.50
460.00
459.00
454.00
453.00
449.00
447.00
452.50
447.00
449.50
456.00
447.50
447.00
446.50
438.00
450.00
448.50
443.50
441.50
441.00
444.00
440.00
439.50
443.50
435.00
440.50
434.00
432.00
437.00
436.00
432.50
434.50
435.50
433.00
435.00
443.00
443.50
434.00
433.50
437.00
436.00
431.50
433.00
437.00
428.00
430.00
435.50
426.50
427.00
431.50
425.00
431.00
427.00
436.00
428.00
427.50
427.50
431.00
427.00
430.00
428.00
426.00
426.00
435.50
427.00
428.50
430.50
425.00
428.00
427.50
432.00
423.50
427.00
426.00
430.00
430.00
428.00
422.50
422.00
428.00
422.00
425.00
428.00
429.50
429.00
423.50
426.50
422.50
431.50
428.00
425.50
419.50
429.00
424.50
423.00
428.00
285.50
143.50
142.00
147.50
143.00
142.00
141.00
142.00
141.50
145.00
141.00
141.00
145.50
145.50
140.00
139.00
142.00
145.00
142.00
145.00
142.50
141.50
144.00
145.50
143.50
143.50
145.50
142.50
141.50
142.50
143.00
141.00
142.00
141.50
142.00
141.00
143.00
142.50
141.00
141.00
141.50
142.00
142.50
139.50
142.50
142.00
141.50
146.50
141.00
144.00
142.00
143.00
144.50
142.50
142.50
142.50
141.50
144.00
139.50
141.50
141.00
139.00
143.00
137.00
140.50
142.50
142.50
143.00
141.00
144.50
144.00
145.50
143.50
142.50
142.00
143.50
144.00
143.00
144.00
142.00
145.00
141.50
144.50
141.50
146.50
139.00
140.50
142.00
141.00
143.00
142.00
140.50
144.00
140.50
141.00
142.50
141.00
144.50
144.00
143.50
141.00
143.50
145.00
150.00
149.50
154.50
152.50
153.00
154.50
150.50
154.50
156.50
154.00
151.50
155.00
154.50
154.50
153.00
156.00
155.50
152.50
157.50
152.50
154.50
153.50
155.50
157.00
158.50
157.00
506.00
517.50
502.00
485.00
476.00
468.00
472.50
491.00
461.00
455.00
453.00
454.50
456.50
450.50
444.00
448.50
449.50
445.50
447.50
443.50
444.50
449.00
448.50
446.50
446.00
441.50
441.00
443.00
440.00
441.00
438.50
440.00
444.00
439.00
437.50
436.00
432.50
438.00
430.50
443.00
435.50
433.00
438.00
433.00
435.00
429.50
437.00
431.50
431.50
435.50
436.00
434.50
432.50
433.50
436.50
438.50
431.50
432.50
438.00
427.00
428.00
429.00
431.00
427.50
432.00
429.00
427.00
425.50
423.00
426.50
426.00
422.00
431.00
432.00
424.00
426.50
430.00
427.00
426.50
427.50
424.50
436.00
420.00
421.00
422.00
428.00
423.00
426.00
424.00
424.00
424.50
429.00
428.00
426.00
428.50
421.50
420.50
424.00
417.00
421.50
426.50
429.50
422.50
425.00
145.50
145.00
143.00
141.50
143.50
145.00
141.50
140.50
140.50
142.50
142.50
145.50
142.50
142.50
142.00
141.50
142.50
141.50
142.00
144.50
142.50
146.00
141.50
143.00
141.50
141.00
144.00
143.50
144.50
143.50
144.50
143.50
141.50
144.00
141.00
140.00
142.50
141.50
143.50
144.00
140.00
143.00
142.50
142.00
143.00
140.00
145.00
145.00
149.00
146.50
141.50
141.00
146.00
147.50
143.00
140.50
143.50
140.50
140.50
143.00
139.50
144.00
144.00
142.00
143.00
143.00
143.50
141.00
142.50
140.50
143.50
142.00
141.00
143.00
142.00
145.50
142.50
142.00
149.00
143.50
141.50
143.50
144.00
143.00
144.00
149.00
140.50
141.00
143.50
141.50
142.00
143.50
142.00
140.50
143.50
140.50
140.50
143.50
139.00
145.00
147.00
154.50
157.00
153.50
156.50
153.00
153.50
152.50
157.00
156.00
153.50
151.00
153.50
158.50
149.00
155.50
159.00
153.50
149.00
151.00
152.00
157.00
149.00
148.50
147.50
153.00
153.00
520.50
517.00
499.50
480.00
476.00
467.50
459.00
471.00
458.50
451.50
456.00
456.00
452.00
451.50
445.50
443.50
449.00
444.50
447.50
438.00
446.00
442.50
441.00
436.00
439.50
442.00
440.50
441.00
453.00
441.00
435.50
441.50
440.00
440.50
442.00
436.00
432.50
435.00
439.00
435.50
436.50
436.50
431.50
436.00
431.50
431.00
432.00
429.50
436.00
432.50
430.00
437.00
429.50
434.00
443.00
434.00
428.00
432.00
439.00
435.00
433.50
436.00
429.00
425.50
430.50
430.00
431.50
427.00
428.50
429.00
431.50
421.50
425.00
427.50
426.00
426.50
423.50
426.50
426.50
427.00
426.00
429.00
426.00
428.00
424.00
422.00
431.00
423.00
429.00
425.50
423.50
425.00
427.00
422.00
430.00
424.50
423.00
428.00
424.00
428.50
423.50
424.00
419.00
412.00
411.50
409.00
408.50
409.50
406.00
409.50
149.50
144.50
145.50
144.00
145.00
145.00
141.00
148.00
141.00
141.50
141.00
141.00
140.50
140.50
147.00
143.50
141.50
145.50
140.00
149.50
147.50
142.50
143.00
140.00
141.50
142.50
144.50
142.00
144.00
142.00
145.00
140.50
145.00
144.00
141.50
142.50
140.50
143.50
143.00
145.50
144.00
141.50
141.00
147.00
144.00
140.50
145.50
145.00
143.00
150.50
143.00
142.00
147.00
143.50
143.00
144.00
147.50
142.50
143.50
144.00
141.50
143.00
144.00
143.00
145.50
143.00
140.50
141.00
143.00
145.00
142.50
143.50
144.50
140.50
144.50
146.00
143.00
144.00
144.50
144.50
145.50
143.50
144.50
140.00
140.00
138.00
141.50
144.00
143.50
142.00
143.00
141.50
146.00
153.50
153.00
153.50
149.50
150.00
156.50
154.00
158.00
154.50
156.00
156.50
151.50
155.50
156.50
146.00
161.50
157.00
154.00
152.50
155.00
155.00
155.00
151.50
152.50
155.50
152.00
153.50
159.00
155.00
155.00
153.50
154.50
156.50
145.50
147.00
508.00
515.50
502.00
477.00
471.00
465.50
459.50
463.50
457.50
453.50
450.00
450.00
455.00
451.00
448.00
446.50
451.00
445.00
448.50
442.50
446.50
442.50
443.50
437.00
442.50
450.00
441.50
443.00
447.00
439.50
434.50
440.50
442.50
442.00
439.50
438.50
429.50
436.00
434.00
435.00
429.50
437.00
442.50
431.00
439.00
429.50
434.50
439.00
434.50
436.00
437.00
434.50
438.50
429.00
441.00
432.00
427.50
435.50
432.00
431.50
433.00
427.00
424.00
429.50
439.00
432.00
430.00
431.00
429.00
430.00
429.00
425.50
432.00
424.00
427.00
424.50
427.00
422.50
429.00
432.50
433.50
425.00
427.00
430.00
428.50
431.00
429.00
426.50
424.00
422.00
426.50
426.50
424.00
421.50
425.00
424.00
431.00
427.50
421.00
426.00
423.00
428.00
426.00
429.50
423.00
421.00
146.00
143.00
145.50
148.00
143.50
144.00
150.00
143.00
141.50
143.50
142.00
143.00
143.00
147.50
142.50
144.00
148.00
143.50
142.50
143.50
144.00
142.50
145.00
146.00
143.50
143.00
145.50
143.50
144.00
143.50
145.00
144.50
148.00
144.50
139.50
141.50
142.50
140.50
141.50
142.50
144.00
141.50
143.00
141.00
141.00
142.00
145.00
142.50
142.00
144.50
141.00
141.00
144.00
144.00
141.00
141.50
142.50
143.00
144.50
147.00
140.00
144.00
144.50
143.00
144.00
142.00
144.00
143.50
143.50
143.00
145.50
146.00
143.00
147.50
142.50
144.00
150.00
146.00
139.50
144.50
144.00
143.50
144.00
145.50
140.50
145.00
141.00
142.00
141.50
153.50
155.50
153.00
152.50
159.50
157.50
157.00
154.00
152.00
157.50
155.50
157.50
154.00
157.00
154.00
157.50
155.50
155.50
152.00
150.00
158.00
155.50
153.50
155.50
150.50
154.00
157.00
150.50
154.00
156.50
154.50
154.50
153.00
146.00
143.00
144.00
492.00
511.50
490.00
481.50
468.50
467.50
466.00
474.00
448.50
458.00
453.50
457.00
451.00
461.00
446.50
448.00
447.50
448.50
447.00
444.00
446.00
447.00
438.00
444.50
443.50
440.00
443.00
444.50
447.00
441.00
436.00
441.00
437.00
444.00
442.00
438.00
437.00
438.50
438.50
442.50
431.50
436.50
434.50
432.00
431.50
431.50
437.00
431.50
433.50
437.50
431.00
433.50
434.00
433.00
426.50
431.50
438.00
433.50
428.00
441.00
436.00
436.00
431.50
426.50
430.50
435.00
428.50
426.00
429.50
436.50
430.00
421.00
432.00
430.50
427.00
426.50
425.50
428.50
434.00
429.00
424.00
421.00
429.50
428.00
430.50
431.00
433.00
423.00
426.00
436.00
428.50
430.00
433.50
428.00
432.00
425.00
421.00
426.00
428.00
420.00
424.50
420.50
424.50
414.00
420.00
423.50
428.00
420.50
425.50
144.00
144.00
143.00
146.50
142.50
142.50
142.50
144.50
143.00
144.50
145.00
142.50
146.50
143.00
143.00
141.00
144.50
142.00
143.00
141.50
141.50
141.00
140.00
142.00
141.00
143.00
148.00
143.50
148.50
143.00
144.00
147.50
145.00
146.00
144.50
145.00
145.50
145.00
141.50
149.00
144.00
141.50
144.50
143.50
140.00
140.00
141.00
143.00
144.00
146.00
142.00
142.00
147.50
145.00
144.00
145.00
145.50
144.50
143.50
146.50
141.00
142.50
147.00
142.50
141.50
144.50
143.50
142.00
143.50
147.50
141.00
144.00
145.50
143.00
144.50
145.50
145.50
144.50
145.00
147.50
144.50
145.00
148.00
143.50
147.00
158.50
152.00
157.00
154.00
156.00
157.00
155.00
153.50
157.00
154.00
146.50
159.00
155.00
158.00
154.50
152.50
153.50
155.50
153.00
152.00
154.00
153.50
155.50
154.50
154.00
157.00
157.50
157.00
154.00
152.50
161.00
157.00
151.00
155.50
143.00
142.50
149.50
151.00
523.00
508.00
487.50
476.00
466.50
462.50
459.00
457.50
459.00
454.00
453.00
457.50
451.50
447.00
453.50
459.00
451.50
444.50
444.00
444.50
446.50
448.50
439.00
447.50
445.50
442.00
446.50
444.50
442.00
437.50
437.50
441.00
436.00
440.50
441.00
437.50
439.00
436.00
440.00
434.50
438.00
436.50
436.00
441.00
440.00
439.00
436.00
434.00
443.50
431.50
432.50
429.00
435.00
432.50
436.00
429.50
435.00
430.50
439.00
431.00
431.00
428.50
425.00
428.50
426.00
428.00
434.50
433.50
432.00
430.50
431.00
436.00
428.00
429.50
429.50
428.00
425.50
430.50
429.00
425.50
428.50
432.50
429.00
426.50
429.50
425.50
426.50
433.50
426.50
426.50
418.00
430.00
422.00
427.00
424.00
426.50
429.50
433.50
433.50
425.00
431.50
425.50
430.00
427.50
436.00
429.00
428.00
434.00
423.00
427.00
430.50
419.00
146.00
146.00
147.00
152.00
143.50
149.00
148.00
144.00
149.50
145.00
144.50
145.00
148.50
148.00
145.50
150.00
146.00
144.50
154.50
143.50
144.50
148.50
148.00
146.50
153.00
149.00
143.50
146.00
152.00
143.00
146.00
149.50
146.50
146.50
148.50
147.50
146.50
148.00
145.00
145.50
143.50
155.50
145.00
142.00
153.00
144.00
147.50
146.50
148.00
144.00
145.00
160.00
146.50
145.50
154.50
147.00
146.00
149.50
147.50
145.00
148.00
144.50
143.00
149.00
146.00
142.50
145.00
143.00
142.00
144.00
144.00
144.50
144.00
146.50
142.00
145.50
142.00
143.00
144.00
147.50
154.50
156.00
153.00
155.50
161.00
155.50
158.50
153.50
158.00
153.00
158.50
157.50
155.50
153.50
154.00
153.50
155.50
159.50
157.50
157.00
161.50
167.50
162.50
159.00
154.50
153.00
157.50
152.00
156.50
158.00
157.00
152.00
154.50
154.50
157.50
158.00
152.50
162.50
163.00
163.00
157.00
514.50
537.00
506.00
485.00
478.50
472.50
468.50
463.50
463.00
466.00
456.50
459.50
462.00
456.00
458.00
455.50
454.00
455.50
447.50
454.50
448.00
438.50
452.50
448.50
440.00
443.00
446.00
447.00
441.00
451.00
442.00
448.00
447.50
445.00
436.50
442.50
444.00
440.00
439.50
446.50
440.50
437.50
437.50
433.00
439.50
444.00
441.50
438.00
432.00
434.50
438.00
433.00
444.50
449.50
439.00
447.00
450.00
452.00
451.00
441.00
444.00
433.00
436.50
435.00
437.50
437.50
427.00
434.00
429.50
431.00
419.00
434.00
430.50
431.50
422.00
440.00
425.00
433.00
435.50
432.50
428.50
427.50
433.50
433.00
426.50
426.50
424.00
430.00
430.00
429.50
427.50
429.50
431.00
422.00
416.00
421.50
427.00
429.00
422.00
426.00
425.50
427.00
428.00
424.50
426.00
428.50
426.50
422.50
421.50
425.00
427.00
421.00
426.00
421.50
421.50
429.50
143.00
143.50
142.00
140.00
142.50
141.00
144.00
140.50
142.50
145.50
144.00
144.50
143.50
143.50
141.00
145.00
142.00
144.00
142.50
143.50
143.00
143.50
147.50
142.00
143.50
144.00
143.00
145.00
144.00
144.00
144.00
141.50
141.50
142.00
142.00
146.00
141.00
144.50
145.50
143.00
147.00
141.00
141.50
143.50
143.00
143.00
157.50
143.00
143.00
143.00
145.00
141.00
143.00
143.00
142.50
143.50
141.50
140.50
143.00
143.00
148.00
141.50
150.50
146.00
142.00
144.50
140.00
141.00
146.50
143.50
144.00
142.00
143.00
146.00
147.50
150.00
140.00
142.00
148.00
141.50
143.50
149.00
152.50
155.50
155.50
157.00
155.00
152.50
155.00
155.00
156.50
155.00
156.00
156.50
155.00
154.00
155.50
153.00
158.50
154.00
156.50
156.00
157.00
155.00
150.50
153.50
157.00
159.00
156.50
151.50
159.00
156.00
152.50
152.00
153.50
151.50
150.00
155.00
160.00
152.50
158.00
341.00
529.00
501.50
487.50
492.00
465.00
463.00
464.00
459.50
458.00
460.00
456.00
453.00
453.50
455.50
448.50
452.00
441.50
447.50
449.00
444.00
443.00
448.00
444.00
442.50
443.50
436.00
444.00
435.50
437.50
442.50
444.00
446.00
439.00
436.00
440.50
440.00
441.00
437.50
441.50
441.00
435.50
435.00
437.50
433.50
433.50
440.00
434.00
436.00
434.00
431.50
434.00
431.50
435.50
434.00
431.50
431.50
433.00
432.00
438.50
434.00
436.00
435.50
429.00
430.50
432.50
434.50
427.50
434.00
435.50
433.00
425.50
427.50
428.00
426.00
431.50
428.50
429.00
424.50
434.00
426.50
429.00
429.00
427.50
430.00
427.50
430.00
428.00
427.50
428.50
433.00
424.50
425.00
429.50
433.00
433.50
423.00
424.00
426.50
424.50
427.00
425.00
425.50
431.50
425.50
428.50
420.50
430.50
428.50
427.00
426.50
428.00
426.00
424.50
428.00
421.50
422.50
419.50
140.00
140.50
143.00
143.50
142.50
144.50
142.00
143.00
143.00
142.00
145.50
141.00
143.50
142.50
143.00
145.00
142.00
142.00
140.50
144.00
156.00
147.00
145.00
146.50
143.50
146.00
143.50
141.50
147.50
140.00
149.50
147.00
143.00
144.50
145.00
145.00
143.00
146.00
145.00
143.00
143.00
141.00
142.00
141.00
142.00
143.00
142.50
144.00
141.50
141.00
143.00
142.50
138.50
143.50
148.00
141.00
145.00
142.50
142.00
144.00
149.00
145.00
143.00
143.50
143.50
142.00
141.50
144.50
140.00
142.50
145.00
142.50
141.00
154.50
157.50
150.00
150.50
156.00
149.00
154.00
156.00
155.50
153.00
160.50
154.00
156.00
156.00
155.50
152.50
157.50
153.50
156.00
151.50
153.00
149.50
151.50
159.50
151.50
156.00
153.50
159.50
157.50
154.50
159.00
148.00
152.50
152.50
145.50
140.50
141.00
141.00
145.50
145.50
154.50
150.00
155.00
161.50
156.00
150.50
151.50
517.00
521.00
506.50
487.50
479.50
466.00
468.50
460.00
463.00
457.00
460.50
460.00
452.50
455.50
452.50
458.00
449.50
451.50
446.50
455.50
453.00
444.00
448.50
445.00
444.00
448.50
444.50
440.50
438.00
444.50
444.50
438.00
438.00
441.00
439.00
440.50
441.00
436.00
440.00
439.50
436.00
440.50
438.50
432.00
435.00
439.00
439.50
429.50
433.00
432.00
437.50
446.50
425.50
431.00
428.00
429.50
436.00
433.50
432.00
433.00
438.00
430.00
432.00
430.50
432.00
430.00
432.00
428.00
437.00
428.50
430.50
428.00
434.50
428.00
435.50
436.50
428.00
433.50
434.00
428.50
431.50
420.00
435.00
432.00
433.50
430.50
424.00
431.00
427.00
425.00
428.50
427.00
428.50
427.00
426.50
431.00
426.50
429.50
425.00
432.50
424.50
425.00
417.00
421.50
425.50
436.00
422.00
425.00
435.50
423.00
420.50
424.00
425.00
420.50
427.50
427.50
421.50
422.50
425.50
426.50
280.50
143.50
143.00
144.00
145.00
140.50
143.00
145.50
144.00
143.00
144.50
144.50
144.50
142.00
140.00
141.00
143.00
145.50
143.00
143.00
141.50
143.00
145.00
142.00
146.00
142.00
142.50
144.50
143.50
144.50
147.00
142.50
141.00
142.00
147.50
142.00
143.00
144.00
140.50
143.50
146.00
143.50
142.00
145.00
143.50
143.50
142.00
149.50
143.50
143.00
143.50
145.00
142.50
146.50
143.00
142.00
142.00
146.00
143.00
143.00
144.00
141.00
141.00
151.00
154.00
151.00
154.50
156.00
153.50
156.00
147.50
154.00
155.50
152.50
153.00
151.50
161.50
154.50
153.00
156.50
152.50
155.00
153.50
156.50
150.00
153.00
157.00
152.50
153.00
152.00
154.00
154.00
154.00
154.00
152.50
154.50
145.00
146.00
144.50
149.00
143.50
147.00
143.50
146.00
143.00
140.00
148.00
141.00
139.50
141.00
145.00
141.00
141.50
140.50
140.50
150.50
153.00
152.00
154.50
522.00
511.50
495.00
482.00
466.00
461.00
461.00
455.00
461.00
454.00
453.50
456.50
455.00
453.50
452.50
449.50
449.50
445.00
446.00
447.00
452.00
439.00
438.00
447.00
444.00
439.00
449.50
438.50
444.00
441.50
439.00
435.50
443.50
442.50
441.00
437.50
438.00
434.00
438.00
440.00
437.00
435.00
439.00
444.00
432.50
429.00
433.00
440.50
434.50
430.00
437.50
434.50
432.00
430.00
436.00
436.00
422.00
433.00
430.50
428.50
434.50
429.00
435.00
429.00
428.50
429.50
435.50
433.50
428.00
427.50
424.50
429.50
434.50
433.00
431.50
431.00
429.00
432.00
432.00
433.50
428.50
430.50
426.50
431.00
430.00
423.00
418.00
457.50
467.00
468.50
466.00
3118.50
3131.50
3077.50
3051.00
2990.00
2978.00
2985.50
3036.00
3051.00
3072.50
3081.50
3104.50
3113.00
3110.00
3109.00
3120.50
3113.00
3109.50
3121.50
3130.00
3143.00
3143.00
3143.00
3122.00
3134.50
3131.50
3121.50
3123.50
2929.00
2962.50
3220.50
3248.00
3251.50
3265.00
3016.00
3014.50
3011.00
3008.50
3007.00
3006.00
3003.50
2992.50
3006.00
3005.50
2995.50
3008.50
3012.00
3012.00
3012.00
3020.50
3007.00
3003.50
3000.00
2993.50
2995.00
2995.00
3005.50
3003.50
2998.50
3005.00
2997.50
3012.00
3002.00
3000.50
3000.50
3002.50
3003.50
3004.50
2991.00
3006.00
2989.00
2972.50
2991.00
3037.50
3053.50
3043.00
3044.50
3029.00
3045.50
3047.50
3036.00
3031.00
3033.00
3029.50
3023.50
3034.00
3035.50
3035.50
3031.00
3030.00
3035.00
3025.00
3029.00
3024.00
3021.50
3145.50
3023.50
3016.50
3007.50
3000.00
3005.50
3019.00
3019.50
3003.50
3008.00
2997.50
2996.00
2996.50
3002.00
3004.00
2992.00
2997.00
3124.00
3101.00
2987.50
3009.50
3129.50
3007.00
3014.00
3156.00
3164.00
3151.50
3179.50
3209.50
3202.00
3216.50
3204.00
3207.00
3211.50
3216.00
3211.50
3206.00
3206.00
3213.50
3212.00
3214.50
3214.50
3210.50
3212.00
3060.00
3077.50
3056.50
3051.00
3051.00
3051.00
3051.00
3058.00
3051.00
3050.00
3064.50
3060.50
3046.00
3057.00
3057.00
3061.50
3057.00
3075.50
3055.00
3041.00
3051.00
3043.50
3049.50
3042.00
3041.50
3047.50
3040.50
3050.00
3050.00
3050.00
3034.00
3027.00
3028.00
3029.50
3027.50
3035.50
3030.50
3036.00
3031.50
3037.50
3021.00
3009.00
3013.00
3010.00
3005.00
3011.50
3012.50
3010.00
3002.00
3010.00
3006.50
3003.00
3021.00
3014.00
3017.50
3018.50
3014.00
3012.00
3022.00
3019.50
3007.00
3013.50
3010.50
3015.00
3012.00
3003.00
3011.00
3000.00
3002.00
3006.50
3004.50
3016.00
3008.00
3012.50
3017.00
3017.00
3017.00
3001.00
3010.00
3007.00
3002.00
2994.50
3004.00
3242.00
2999.00
3002.00
2994.50
2995.00
2985.50
2995.00
2990.50
2999.00
2994.00
3000.00
3000.50
2990.50
2997.50
2994.00
2994.00
2994.00
2994.00
2995.00
3003.00
3002.50
2999.50
3002.00
2994.00
2994.00
3010.50
3006.50
2997.00
3005.00
3001.00
2994.00
2987.00
2989.00
2986.00
2989.50
2986.00
2980.00
2986.00
2984.00
2986.00
2982.00
2978.50
2983.00
2974.50
2979.50
2984.00
2976.00
2975.50
2970.50
2986.00
2975.50
2971.50
2978.00
2972.00
2979.50
2975.00
2976.00
2973.00
2958.50
2969.50
1036.00
1033.50
1032.00
1035.00
622.00
629.50
618.50
614.00
624.50
625.50
620.50
618.00
619.50
626.00
622.00
624.50
622.50
623.50
619.00
626.50
621.00
616.00
620.00
614.50
621.50
625.50
621.00
740.00
629.00
630.00
630.00
630.00
616.50
618.50
619.00
614.50
622.00
2818.50
3055.00
3049.00
3001.00
2926.00
2895.50
2900.50
2920.00
2946.00
3013.00
1056.50
1007.00
1005.00
1001.50
590.50
594.00
584.00
579.50
587.00
584.50
589.50
584.50
587.00
578.50
591.00
584.50
580.50
589.50
576.50
589.00
575.00
585.00
571.00
576.50
576.50
575.00
569.50
566.00
572.50
565.50
566.00
558.00
558.00
558.00
561.50
561.00
560.00
562.00
569.50
561.50
556.00
558.00
558.50
559.00
560.50
562.00
558.50
557.00
559.50
557.50
558.00
563.00
566.00
562.00
558.50
552.00
556.00
567.50
556.00
554.00
563.50
559.00
562.00
563.00
556.50
566.00
553.00
560.50
555.50
552.00
556.00
560.50
555.00
563.00
556.50
559.00
560.50
561.00
555.50
563.50
559.00
560.50
555.00
560.50
558.00
557.00
557.50
555.50
559.00
555.50
556.50
560.50
556.50
555.50
553.50
551.50
545.00
542.00
543.50
535.00
523.50
518.50
521.00
519.00
523.50
515.50
519.00
522.50
515.00
514.00
509.00
517.00
509.50
510.00
505.00
509.00
508.00
254.50
248.50
249.00
252.00
252.00
249.50
249.50
256.00
250.50
254.00
258.50
250.50
253.50
255.00
252.00
252.50
252.00
250.00
250.50
251.50
249.00
250.00
251.00
248.50
250.00
250.00
251.50
250.00
251.50
250.00
250.50
248.00
252.50
259.50
251.00
252.50
253.50
251.50
253.50
252.50
255.50
249.00
248.00
255.50
251.50
250.50
258.00
254.50
251.50
250.00
251.00
253.50
248.00
252.00
251.50
249.00
251.50
250.50
254.50
250.50
251.50
252.00
252.00
329.50
398.00
401.00
404.50
248.00
253.00
249.50
252.50
253.00
260.50
260.00
262.50
264.00
266.00
265.00
265.00
272.00
268.00
244.00
287.50
307.50
330.00
322.50
2653.00
2699.00
2655.00
2619.00
2831.00
2562.50
2577.00
2579.00
2600.50
2623.50
2644.50
2641.50
2657.50
2655.50
2664.00
2668.50
2668.50
2669.50
2676.50
2829.00
3219.00
3198.50
3035.50
3032.00
3024.50
3025.00
3022.00
3022.50
3016.50
3002.00
3005.50
3008.00
3008.00
3014.00
3008.50
2996.50
2983.50
2990.50
2991.00
2987.00
2995.50
2993.00
2988.50
3001.50
2995.50
2993.00
2997.00
2991.50
2991.00
2992.00
2987.00
2980.00
2986.00
3000.00
3000.50
1048.50
1047.50
1048.00
628.50
641.00
645.00
634.50
637.00
634.00
637.00
632.00
633.50
636.00
636.50
632.50
639.00
631.50
634.50
625.50
628.50
630.00
636.50
630.50
630.50
631.50
628.00
621.00
633.00
3030.00
3050.00
3032.00
2959.50
2911.00
2881.50
2882.50
2910.50
2933.50
2960.00
2972.50
2975.00
2968.00
2998.50
2975.00
2982.00
2983.50
2986.00
2989.00
2988.00
2981.00
2980.50
2992.00
2983.50
2984.00
1039.00
1033.50
1034.00
632.50
628.50
623.00
629.50
634.50
629.00
612.50
610.00
634.00
634.00
634.00
633.50
629.50
618.00
624.00
626.00
631.50
625.50
629.50
625.50
634.50
621.50
631.50
624.00
623.00
629.50
625.00
619.50
633.00
627.00
615.50
626.50
624.00
608.50
630.00
618.50
618.00
621.00
614.00
625.50
617.50
619.50
620.00
620.00
616.00
623.00
623.50
620.50
622.00
621.00
615.50
610.50
627.00
626.00
622.00
625.50
610.50
616.50
623.00
617.50
606.00
624.50
625.00
625.00
616.00
617.00
625.00
613.00
621.50
615.50
616.00
613.00
611.50
615.00
610.50
617.00
877.00
632.00
615.00
620.00
624.00
624.50
619.00
624.50
2987.00
3030.00
3016.50
2969.00
2919.50
2896.00
2870.50
2880.50
2925.50
2962.00
2965.00
2972.50
2974.00
2984.00
2991.50
2989.50
2972.00
3007.00
2990.50
2989.00
2988.00
2983.50
2982.50
2987.00
2982.00
2980.50
2972.00
2982.50
2989.00
2973.00
2968.00
2976.50
2968.00
1053.50
1044.00
1047.00
624.00
625.00
637.00
633.50
616.50
638.50
622.00
627.50
630.50
616.50
614.00
609.00
632.50
623.00
627.50
620.50
625.50
623.00
630.50
629.00
622.00
625.00
630.00
623.50
623.50
629.00
2770.00
3008.00
3005.00
2971.00
2971.00
2971.00
2872.00
2885.50
2933.00
2947.50
2953.50
2963.00
2956.00
2961.00
2975.50
2979.50
2981.00
2978.00
2979.50
2970.00
2985.00
2988.50
2962.50
2968.00
2967.00
2953.50
2968.00
2962.00
2957.00
2942.50
2941.00
2965.00
2960.00
2949.00
2937.50
2929.50
2925.50
2925.00
2923.00
2932.50
3072.00
3131.00
3077.50
3108.50
3195.00
1255.00
1197.50
1194.00
950.00
730.50
617.00
618.50
631.00
624.50
617.00
610.50
774.50
770.50
767.00
787.50
809.00
796.00
796.50
798.00
794.00
794.50
794.00
789.50
793.50
801.00
802.00
794.50
808.00
790.50
790.50
790.00
799.00
792.50
789.00
804.00
786.50
788.50
781.00
790.50
800.50
789.50
2914.50
3165.00
3178.50
3125.00
3059.00
3012.50
3000.00
3049.50
3067.00
3067.00
3087.50
3064.00
3072.00
3076.00
3071.00
3069.50
3077.00
3079.00
3088.00
3088.00
3088.00
3086.00
3071.00
3085.50
3084.50
3078.00
3073.00
3081.50
3081.00
3070.50
3074.00
3081.00
3068.00
3079.50
3075.00
3088.50
3085.50
3037.00
1148.50
1149.50
1150.00
725.50
721.00
724.00
724.00
724.00
724.00
731.00
728.50
720.00
731.00
726.00
725.00
731.00
721.50
728.50
718.00
722.50
719.00
726.00
716.00
730.00
720.00
719.00
718.50
721.00
719.00
711.50
718.00
716.50
718.50
720.50
713.50
710.00
718.00
712.00
711.00
713.00
711.00
714.00
711.50
707.50
712.50
708.50
708.50
711.50
715.00
706.00
666.50
719.50
716.00
715.50
736.00
726.50
714.00
717.00
712.00
561.50
563.00
560.50
560.50
556.00
552.00
554.00
549.00
536.50
539.00
532.50
523.50
523.00
521.50
520.00
520.00
515.50
518.00
529.00
512.00
509.50
513.00
507.50
508.00
512.00
523.50
479.00
476.00
474.50
476.50
475.00
476.00
471.00
468.50
471.00
470.50
463.00
468.50
465.50
467.00
464.50
457.00
461.50
462.50
461.50
439.00
309.00
310.00
310.00
313.50
310.00
151.00
166.50
181.00
161.50
164.00
163.00
179.50
169.50
162.00
166.50
165.00
168.00
170.00
165.50
162.50
167.50
166.00
166.00
167.50
164.50
166.00
160.00
158.50
161.00
167.00
161.00
165.00
163.50
163.00
164.00
159.00
160.00
160.50
164.50
161.50
152.50
152.00
157.00
151.50
153.00
157.50
153.00
152.50
152.00
155.00
151.00
152.00
151.00
151.50
151.50
152.50
150.50
150.50
152.00
153.00
149.50
150.00
153.50
150.50
151.00
150.50
151.00
152.50
153.50
153.00
150.00
307.00
153.00
151.00
151.50
151.00
150.50
157.50
159.00
159.00
161.00
155.00
160.00
158.50
160.50
160.50
162.00
162.00
163.50
163.00
159.00
159.50
160.50
163.00
162.00
162.00
160.50
161.00
161.00
163.00
163.50
161.00
161.50
161.00
159.00
157.00
158.50
160.50
164.50
158.00
556.00
540.00
512.00
499.00
495.00
481.00
479.00
469.00
476.50
470.00
462.00
476.00
463.00
465.50
470.50
470.00
468.50
461.00
467.00
456.50
457.50
456.00
457.50
453.50
456.50
457.00
451.00
455.50
456.00
459.00
457.00
460.50
453.50
457.00
456.50
452.00
451.50
458.50
454.50
446.50
455.50
456.00
450.00
449.50
451.00
444.50
453.50
448.50
444.00
454.50
447.50
449.00
450.50
451.00
452.00
451.50
447.00
451.50
449.00
444.50
448.00
444.50
446.50
442.00
443.00
445.50
444.00
446.50
439.50
441.50
442.50
441.50
443.00
446.00
439.50
448.00
442.00
443.00
438.50
441.50
444.50
438.00
442.50
442.00
440.00
434.50
443.00
448.00
449.00
439.00
446.00
435.00
440.00
442.00
443.50
439.50
434.00
438.00
444.50
445.50
438.00
441.00
434.00
438.50
441.00
438.50
437.00
438.50
436.50
439.00
442.50
441.00
449.00
447.00
450.50
439.50
439.00
437.00
441.00
440.50
442.00
440.00
435.50
439.50
431.50
438.00
438.50
448.50
443.00
443.50
448.00
454.00
441.00
432.50
437.00
432.00
428.50
434.50
431.00
435.50
421.50
422.50
418.00
429.00
419.00
425.00
433.00
422.00
423.00
170.50
164.00
163.50
163.50
161.00
167.00
165.00
167.00
160.50
159.50
171.50
153.50
153.50
154.50
155.50
157.00
155.00
154.50
152.50
153.00
154.50
153.00
152.50
157.50
152.50
153.00
153.50
154.50
153.50
149.50
156.00
152.50
153.00
157.00
152.00
152.00
153.00
153.00
152.50
151.50
154.50
151.50
152.00
151.00
155.00
151.00
151.50
152.00
152.50
152.00
155.00
151.00
151.00
156.00
150.00
153.00
152.50
151.50
152.00
152.50
150.50
152.00
152.50
159.50
154.00
151.00
154.00
151.00
153.00
152.00
150.50
155.00
151.50
154.00
150.50
154.50
152.00
154.00
155.00
151.00
150.50
150.50
154.50
155.50
153.00
152.50
156.00
152.00
152.00
157.50
150.00
152.50
154.00
155.00
159.50
156.00
156.00
153.00
151.50
155.50
156.00
159.50
170.00
165.50
172.50
164.00
163.50
170.50
162.00
161.50
168.00
164.00
163.50
166.50
162.00
165.00
160.00
165.00
163.00
165.00
158.00
538.50
528.50
513.50
497.50
486.50
493.50
491.50
486.00
486.50
472.00
468.50
472.50
461.00
460.50
460.00
461.00
462.00
456.50
462.00
462.00
451.50
469.00
455.50
458.00
450.00
457.50
457.50
454.00
459.50
458.00
451.50
456.00
456.00
449.00
451.00
463.00
453.50
454.50
446.50
453.50
448.50
452.50
452.00
446.50
450.50
445.50
444.50
459.50
447.00
445.50
449.50
447.00
445.50
444.00
447.50
445.50
451.00
447.00
447.00
455.00
445.50
440.00
439.00
440.00
444.50
442.50
439.50
452.00
440.50
441.00
443.00
449.50
439.50
443.00
447.00
446.50
443.50
439.50
442.00
444.50
444.00
440.00
443.50
449.00
439.50
447.50
437.50
441.50
451.00
447.00
446.00
444.50
447.50
453.00
441.00
450.00
451.00
458.50
449.50
450.00
451.50
451.00
444.00
445.00
452.50
456.50
448.00
441.00
436.50
434.50
439.00
427.00
435.50
430.00
430.00
429.50
426.50
423.00
420.50
422.00
422.50
415.00
408.50
414.50
412.50
415.00
417.50
413.00
410.50
412.50
408.50
410.50
406.50
407.50
152.00
152.50
157.50
154.50
153.00
155.50
151.50
151.50
153.00
158.50
153.50
155.00
155.50
151.50
152.50
153.00
153.00
150.50
163.50
160.50
154.00
152.00
156.00
153.00
152.00
154.00
155.00
155.00
152.50
153.00
150.00
161.00
158.50
155.00
151.00
150.50
155.00
153.50
156.50
161.50
153.00
153.50
156.50
150.50
153.00
153.00
150.00
150.50
151.50
152.00
153.00
152.00
150.50
152.00
153.00
153.00
150.50
151.50
155.00
156.50
151.50
151.00
151.00
152.00
155.00
155.00
160.50
152.50
156.50
155.00
154.50
154.50
155.00
152.00
152.00
153.00
153.00
155.00
155.00
150.00
151.00
155.00
155.00
156.00
152.00
156.00
153.00
152.50
155.00
151.50
157.00
153.00
150.00
150.00
155.00
152.00
152.50
154.00
154.00
152.00
151.00
159.00
151.50
152.00
154.00
152.50
149.00
155.00
152.00
153.00
152.50
152.50
153.50
153.00
156.00
154.50
160.00
161.00
163.50
161.50
161.00
159.50
159.50
160.00
524.50
509.00
491.00
483.50
479.50
477.00
475.50
464.00
472.50
464.50
458.00
465.00
470.00
460.50
460.00
456.50
457.00
463.00
462.00
450.50
468.50
459.00
448.00
455.00
451.00
446.50
454.50
455.50
449.50
449.00
460.00
449.00
447.50
457.00
454.00
448.00
447.00
447.00
446.50
447.00
448.00
447.50
448.50
451.50
453.50
449.00
448.00
444.00
449.00
448.00
450.00
444.00
446.00
444.50
442.00
445.50
460.50
455.00
447.50
442.50
443.00
455.50
451.50
464.00
451.50
460.50
448.00
454.00
458.00
453.00
456.00
453.00
453.50
457.00
454.50
453.50
454.00
451.00
458.50
444.00
439.00
447.50
447.50
454.50
451.50
449.50
453.00
447.00
448.50
450.50
452.50
443.00
448.50
456.50
437.00
444.50
441.50
439.50
441.00
438.50
444.00
427.00
425.00
421.50
428.00
432.00
428.00
414.50
418.50
418.00
419.00
415.00
416.50
417.00
412.00
416.50
415.50
414.00
408.50
411.50
413.00
413.50
410.50
415.00
411.50
412.00
409.50
413.00
153.50
154.00
155.50
152.50
153.00
153.00
152.50
155.00
154.00
154.00
152.00
155.50
155.00
153.00
156.00
164.00
155.00
154.00
153.50
162.00
152.00
157.00
153.50
153.00
153.00
154.50
152.50
152.50
152.50
151.00
155.50
150.50
152.00
150.50
153.50
151.00
156.00
154.00
150.50
151.00
154.00
155.00
154.00
152.50
155.50
154.00
156.50
155.50
152.00
153.50
153.50
154.50
155.50
153.00
155.50
151.00
153.50
157.50
152.00
152.00
155.00
152.00
154.00
154.00
153.00
154.00
152.50
155.50
154.00
153.00
155.50
155.00
154.00
152.50
152.50
152.00
155.50
153.50
151.50
152.50
152.00
151.50
151.50
153.00
153.00
153.00
160.00
154.00
155.50
156.50
155.50
152.50
154.50
160.00
151.50
155.50
156.50
151.50
152.00
156.50
153.50
153.50
151.00
158.00
157.00
154.00
167.50
152.00
153.00
154.00
153.00
154.00
155.00
154.50
153.50
153.00
159.50
152.00
153.50
155.00
154.00
151.00
153.00
154.00
152.50
516.00
502.00
496.00
484.50
482.00
469.00
470.00
465.00
468.00
465.50
462.00
460.50
461.00
462.50
461.00
458.00
455.50
453.00
457.00
471.50
451.00
450.00
447.50
453.00
455.50
455.50
450.50
457.00
447.00
451.00
451.50
447.00
450.00
443.50
448.00
454.50
451.50
448.50
453.50
453.00
462.50
459.50
456.50
465.00
451.50
460.00
453.00
456.00
453.00
448.00
456.00
459.50
453.00
451.50
454.00
452.00
454.50
458.00
453.50
452.00
453.00
455.50
459.50
454.00
452.00
455.00
449.50
445.00
455.00
453.50
458.50
447.50
439.50
431.00
443.00
439.00
441.00
442.50
439.50
440.00
442.50
438.00
444.50
443.00
439.50
440.50
444.00
439.50
436.50
435.50
435.00
439.50
435.50
440.50
431.50
435.50
436.00
438.00
433.50
426.50
433.50
427.50
425.50
423.50
419.50
419.50
422.50
423.00
424.00
414.00
415.50
414.50
410.50
416.00
413.00
402.50
408.50
413.50
415.50
411.00
409.00
408.00
404.00
403.50
150.50
151.00
159.00
150.00
152.50
154.50
151.00
151.50
149.50
153.50
148.00
151.00
157.50
151.50
153.00
154.00
152.50
152.50
153.50
153.00
153.00
152.50
153.00
150.50
154.00
154.50
151.00
151.50
155.00
152.00
151.50
153.00
152.00
152.50
153.00
154.00
151.50
151.50
151.00
151.00
151.50
153.50
151.50
153.00
151.50
156.00
151.50
154.00
164.00
153.00
153.50
151.00
160.50
154.00
152.50
154.50
150.00
150.00
152.00
154.00
150.50
156.00
152.50
153.00
152.00
154.00
151.00
157.00
155.00
152.50
151.50
153.00
155.00
155.00
150.50
156.00
154.50
160.50
155.50
151.00
151.50
152.50
151.50
151.00
150.00
153.00
153.00
150.50
151.50
150.50
150.00
151.50
151.50
151.50
149.00
153.00
150.00
154.50
154.00
150.50
150.00
152.00
153.00
151.00
152.00
151.00
151.50
153.50
153.00
152.00
150.00
152.00
151.00
149.00
153.00
152.50
152.00
151.50
154.50
150.50
151.00
149.00
152.50
151.50
160.00
153.00
154.00
506.00
509.50
498.50
488.00
480.50
476.00
472.50
477.50
465.50
470.50
464.00
468.50
464.00
465.00
459.50
459.50
460.00
456.00
454.50
467.50
464.00
462.50
458.00
460.50
467.00
465.00
464.00
457.00
463.00
464.00
465.50
462.00
456.50
458.00
465.00
458.00
456.00
464.00
450.00
455.50
451.00
460.00
464.00
440.00
456.00
447.00
456.50
451.50
456.00
456.50
452.50
444.00
439.00
443.50
444.00
449.50
448.00
453.50
440.50
437.00
447.00
439.50
436.50
441.00
444.00
440.00
440.00
443.00
441.00
439.00
440.00
440.50
435.00
437.00
436.00
438.00
437.00
446.50
448.00
449.50
446.50
446.00
444.50
443.00
444.50
445.00
437.00
440.00
446.00
446.00
444.00
436.00
446.00
446.50
442.50
446.50
436.00
430.00
432.50
427.50
430.50
427.00
424.00
433.00
423.00
422.00
426.00
422.00
417.50
418.00
409.00
409.50
406.50
410.00
414.00
409.50
417.50
405.50
407.00
151.50
158.50
150.50
151.00
153.50
152.50
152.50
160.50
152.50
151.50
153.00
154.50
161.00
152.50
152.00
152.00
153.00
151.00
151.50
152.00
152.50
153.00
153.50
151.00
153.50
153.50
150.50
153.00
151.50
151.50
155.50
155.00
152.00
150.50
152.00
151.00
155.00
151.50
151.00
152.00
151.00
151.50
152.50
150.00
151.00
152.00
153.00
152.00
152.00
152.00
152.50
150.00
151.50
150.50
152.50
161.50
241.00
321.00
305.00
304.50
309.00
305.50
306.00
305.00
304.50
307.00
307.00
306.50
306.00
307.00
228.00
150.50
151.50
152.00
150.50
149.50
158.00
151.00
151.00
153.50
151.50
150.50
150.00
153.50
152.00
153.50
151.00
151.00
311.00
302.50
304.50
304.50
305.00
306.00
440.50
568.50
315.00
479.50
665.50
784.50
655.50
655.50
637.50
643.50
639.00
638.50
641.00
637.50
641.00
625.50
625.50
628.50
625.00
626.00
621.50
613.50
621.00
621.00
622.00
620.00
621.50
616.00
614.50
616.00
625.00
619.50
614.50
615.00
616.00
611.50
615.00
615.50
618.00
621.50
619.50
617.00
636.50
611.50
622.00
616.00
615.00
611.00
614.50
619.50
463.50
463.00
466.00
460.00
464.50
474.00
465.50
477.50
474.00
469.50
469.50
592.50
463.00
483.50
489.00
459.00
453.00
456.50
453.00
442.50
447.50
449.50
435.00
436.00
440.00
439.00
444.00
450.00
446.50
435.50
442.00
434.00
432.00
426.00
433.50
431.50
433.50
435.50
437.00
432.00
438.50
437.50
429.50
431.00
432.00
432.00
430.00
440.00
432.00
430.50
433.50
431.00
428.00
427.00
431.00
430.50
433.00
437.50
430.00
433.00
426.00
422.00
428.50
425.50
420.00
427.00
428.00
434.00
422.00
423.50
431.00
430.50
432.00
419.50
428.00
425.00
428.00
430.50
427.00
422.50
427.50
425.00
426.00
424.00
433.50
424.00
423.50
426.50
425.50
424.00
430.00
428.00
431.50
427.50
146.50
144.50
145.00
143.50
146.00
142.50
147.50
145.50
143.00
146.00
145.50
145.00
145.50
149.00
145.50
144.00
143.00
149.50
143.50
145.00
144.50
144.00
144.50
144.50
145.00
145.00
143.50
146.00
142.50
145.00
146.50
141.00
143.00
146.00
144.00
145.00
148.50
144.50
144.00
145.00
141.00
142.00
141.00
143.00
143.00
142.00
145.00
143.50
143.00
147.00
143.00
142.00
142.50
142.00
143.50
144.50
152.00
141.50
143.00
145.50
143.50
143.00
143.00
141.50
142.00
142.00
148.00
143.00
144.00
140.00
143.00
140.00
144.50
141.00
142.00
142.00
149.50
142.00
142.00
143.50
142.50
142.50
144.00
143.50
144.00
142.00
141.50
144.00
142.50
148.00
143.00
140.50
140.00
140.00
142.00
144.00
142.00
143.50
141.00
145.50
143.00
142.50
140.50
141.00
142.00
146.00
141.50
143.50
143.00
143.50
141.50
143.50
141.00
142.50
139.00
140.50
139.50
139.50
140.50
141.00
141.00
140.50
146.00
142.50
143.00
149.50
502.00
520.50
508.00
500.00
480.50
479.00
470.00
471.00
467.00
472.50
467.00
461.50
467.00
461.00
460.50
464.00
467.50
458.00
460.00
455.50
459.00
452.50
458.00
447.50
460.00
459.00
449.00
452.00
454.50
458.00
457.00
450.50
451.50
450.50
439.50
443.50
449.50
442.00
447.50
443.00
439.00
439.50
434.00
436.50
439.00
438.00
432.50
430.50
434.50
441.50
433.50
439.00
430.00
437.50
435.00
429.00
437.50
432.50
430.00
427.00
424.00
431.00
431.00
431.00
432.00
435.00
436.00
1007.00
992.50
989.50
985.50
986.00
986.00
988.00
985.50
988.50
986.50
987.50
987.50
984.50
986.50
987.00
988.00
986.00
984.00
988.00
987.00
984.50
987.00
984.50
988.00
986.50
985.00
