24.00
24.00
24.50
24.00
24.00
24.00
24.00
24.00
24.00
25.00
25.00
25.00
24.00
25.00
25.00
24.00
25.00
25.00
24.50
24.00
24.00
24.50
25.00
25.00
25.00
24.00
25.00
25.00
24.50
24.00
25.00
25.00
25.00
25.00
25.00
24.00
25.00
25.00
24.50
25.00
25.00
25.00
25.00
25.00
25.00
25.00
25.00
25.00
24.00
25.00
25.00
24.50
25.00
25.00
24.50
25.00
25.00
24.50
25.00
24.00
25.00
25.00
25.00
25.00
25.00
25.00
25.00
25.00
25.00
24.00
25.00
25.00
25.00
25.00
24.00
25.00
24.50
24.00
25.00
24.50
25.00
25.00
25.00
25.00
25.00
25.00
24.00
25.00
25.00
24.50
25.00
25.00
25.00
25.00
24.00
25.00
24.50
24.00
25.00
25.50
24.00
25.00
24.50
25.00
25.00
25.00
25.00
25.00
24.00
24.00
24.00
110.00
109.00
108.00
108.00
108.00
108.00
107.00
107.00
107.00
107.00
106.00
106.00
106.00
106.00
106.00
109.00
108.00
108.00
107.50
108.00
107.00
107.00
107.00
106.50
106.00
312.00
314.00
313.00
313.50
313.00
313.00
312.00
310.00
318.00
318.50
318.00
319.00
319.00
318.00
318.00
318.00
309.00
309.50
309.00
350.00
394.00
398.00
400.00
403.00
404.50
406.00
409.00
412.00
414.00
1486.50
1481.00
1484.00
1483.50
1484.50
1483.00
1452.00
1452.50
1453.00
1478.00
1479.00
1477.00
1478.00
1477.50
1455.00
1455.00
1454.00
1452.00
413.00
412.00
414.00
415.00
415.00
1469.00
413.00
414.50
423.50
425.00
427.00
427.00
427.00
428.00
428.00
428.00
427.00
428.00
427.50
427.00
427.00
426.00
426.00
425.00
425.00
425.00
427.00
425.00
424.50
424.00
425.00
424.50
425.00
424.00
424.00
424.00
424.00
424.50
425.00
424.00
401.00
401.00
402.00
402.00
402.00
402.00
402.00
402.00
401.00
402.00
402.00
402.00
402.00
402.50
403.00
403.00
403.00
402.50
403.00
402.00
402.50
149.00
149.00
149.50
149.00
149.00
149.00
149.00
149.00
148.50
148.50
149.00
149.00
149.00
149.00
149.00
147.50
148.00
148.00
147.00
148.00
148.00
148.00
148.00
148.00
148.00
148.00
148.00
148.00
147.00
147.00
147.00
146.50
148.00
146.00
146.00
146.00
146.00
145.00
145.50
145.00
146.00
146.00
146.00
145.50
145.50
145.50
146.00
146.00
146.00
145.50
146.00
146.00
145.00
145.50
146.00
145.00
146.00
146.00
145.00
146.00
146.00
146.00
145.00
145.00
145.00
146.00
145.00
145.00
146.00
145.00
145.00
144.50
145.00
145.00
144.50
145.00
144.00
144.00
145.00
147.00
147.00
147.00
148.00
148.00
146.50
145.00
147.00
147.00
145.50
148.00
146.50
146.50
147.00
147.00
146.00
146.00
145.00
145.00
144.00
145.00
143.50
144.00
144.50
144.50
144.00
144.00
143.50
144.00
145.00
144.00
144.50
145.00
144.50
144.00
144.00
144.00
143.50
144.00
144.00
144.00
143.50
144.00
143.50
144.00
144.00
143.50
144.00
144.00
143.00
144.00
144.00
144.00
144.00
144.00
143.00
144.00
143.00
144.00
144.00
144.00
144.00
144.00
145.00
144.00
144.00
143.50
145.00
144.00
144.00
144.00
144.00
144.00
144.00
144.00
144.00
144.00
144.00
144.00
144.00
144.00
144.00
144.00
144.50
143.00
144.00
143.50
144.00
144.00
144.00
144.00
144.00
144.00
144.00
145.00
144.00
143.00
143.00
143.50
143.00
144.00
143.00
144.00
143.50
144.00
143.50
143.00
143.00
144.00
144.00
144.00
145.00
144.50
144.50
144.00
145.00
145.00
144.00
144.50
145.00
144.00
144.00
144.00
144.00
144.00
144.00
143.00
144.00
144.00
143.50
144.00
144.00
144.00
144.00
145.00
144.00
144.00
144.00
144.00
144.00
144.50
144.00
144.50
144.00
145.00
144.50
145.00
145.00
145.00
144.50
145.00
144.00
144.50
144.00
145.00
145.00
144.50
145.00
145.00
145.00
144.50
145.00
144.50
144.00
143.00
144.00
144.50
144.00
144.00
143.50
144.00
144.00
143.00
144.00
144.00
144.00
144.00
144.00
144.00
144.00
143.00
144.00
144.00
144.00
144.00
143.00
144.00
144.00
143.50
144.50
144.00
143.50
145.00
145.00
144.00
144.00
144.00
145.00
148.00
148.00
148.00
147.00
147.00
148.00
147.50
147.50
147.00
148.00
147.50
147.00
147.00
148.00
147.00
147.00
147.00
144.00
143.00
144.00
144.50
145.00
144.00
143.50
144.50
144.00
145.00
144.00
144.00
144.00
144.50
143.50
144.00
144.00
144.00
143.00
144.50
144.00
143.00
144.00
143.50
144.00
144.00
143.50
144.00
144.00
144.00
144.00
144.00
143.50
143.50
144.50
144.00
144.00
144.00
144.00
143.50
144.00
143.50
144.00
144.00
144.00
144.50
144.00
144.00
144.00
144.00
143.50
144.00
144.00
144.00
144.00
154.00
155.00
155.00
153.50
153.50
154.00
154.00
153.50
154.00
154.00
154.00
154.00
160.00
160.00
160.00
160.00
160.00
160.00
160.00
159.00
159.00
159.00
160.00
153.00
153.50
153.00
152.00
152.00
152.00
152.00
152.00
152.00
152.00
151.00
143.00
143.00
143.00
143.00
143.00
143.00
143.00
143.00
142.50
144.00
144.00
144.00
144.00
143.00
143.00
143.00
143.00
143.00
143.00
143.00
143.00
143.00
143.00
143.00
143.00
143.00
143.00
143.00
143.00
143.00
143.00
143.00
143.00
143.00
143.00
143.00
143.00
143.00
144.00
143.00
143.00
143.00
143.00
143.00
143.00
143.00
144.00
144.00
144.00
144.00
144.00
144.00
143.00
144.00
144.00
144.00
144.00
144.00
144.00
143.00
144.00
144.00
144.00
143.00
144.00
143.00
144.00
144.00
143.00
144.00
144.00
144.00
143.50
144.00
144.00
144.00
144.00
144.00
144.00
143.50
164.50
191.00
191.00
191.00
191.00
191.00
191.00
191.00
191.00
191.00
191.00
191.00
191.00
191.00
191.00
191.00
191.00
191.00
191.00
192.00
191.00
191.00
191.00
191.00
191.00
190.50
191.00
191.00
191.00
191.00
190.50
191.00
191.00
191.00
191.50
191.00
191.00
191.00
191.00
191.00
191.00
191.00
191.00
191.00
191.00
191.00
191.00
191.00
191.00
191.00
191.00
191.00
190.00
190.00
191.00
190.00
191.00
191.00
191.00
191.00
191.00
191.00
191.00
191.00
191.00
190.50
190.00
190.50
191.00
191.00
191.00
191.00
190.50
191.00
190.00
191.00
190.00
190.00
191.00
191.00
191.50
191.00
190.00
191.00
190.00
191.00
190.00
190.00
190.00
190.00
190.00
190.00
190.00
190.00
190.00
183.00
183.00
183.00
183.00
183.00
183.50
183.00
183.00
183.00
183.00
183.00
185.00
185.00
185.00
185.00
186.00
185.00
186.00
186.00
186.00
186.00
185.00
185.00
226.00
233.00
227.00
227.50
230.00
231.00
229.00
228.00
228.00
228.00
227.00
227.50
231.00
230.00
230.00
230.00
232.50
231.00
226.50
221.50
221.00
234.00
233.00
223.00
229.50
229.00
229.00
230.50
228.00
228.50
227.00
228.50
230.00
227.00
228.50
226.00
231.00
239.50
241.50
240.00
244.00
245.00
245.00
241.00
238.50
235.00
236.00
236.00
228.00
235.00
231.00
229.50
227.00
228.00
226.50
228.00
230.00
225.00
229.00
222.00
227.00
226.00
228.00
231.00
222.50
231.50
232.00
238.00
232.00
224.00
1773.00
1757.00
1761.00
1760.00
1762.00
1753.00
1758.00
1762.00
224.00
1762.00
998.50
1761.00
1756.00
1762.50
221.00
216.00
241.25
247.50
253.50
254.50
253.00
247.50
236.00
244.25
253.50
243.75
245.50
246.50
217.50
220.00
216.50
212.00
220.50
220.00
230.50
232.50
229.75
224.50
222.00
225.75
224.50
218.00
220.50
218.50
210.00
227.50
221.25
222.00
231.00
225.50
217.00
219.50
227.75
223.00
221.00
223.50
224.00
222.00
235.00
233.00
230.50
227.50
228.00
227.50
227.50
235.50
236.00
239.50
231.50
237.50
240.50
231.50
232.50
234.00
224.50
223.50
230.00
231.50
232.50
228.50
229.50
227.50
232.50
229.50
231.50
233.50
232.50
231.50
219.50
232.50
233.50
230.50
225.50
229.50
228.50
226.50
228.50
223.50
224.00
223.50
227.50
232.00
231.00
225.50
223.50
224.00
231.50
233.50
228.50
222.50
227.50
226.00
226.50
225.50
226.50
225.50
227.50
227.50
229.00
227.50
226.50
227.50
210.00
210.00
208.50
211.50
213.00
208.50
207.00
210.00
208.00
207.00
208.00
206.00
206.00
207.00
207.00
206.50
207.00
205.00
212.00
205.50
214.00
216.50
212.00
214.00
211.00
211.00
209.00
215.50
210.50
215.00
209.50
204.00
207.50
205.00
205.00
207.00
207.50
207.00
208.50
208.00
207.00
207.50
207.50
207.00
207.00
206.50
207.00
209.00
208.00
207.00
207.00
207.00
207.00
201.00
194.50
202.00
202.00
201.50
199.50
196.00
206.00
197.50
191.00
190.00
196.50
195.00
203.00
201.00
200.00
196.00
211.50
213.50
206.00
211.50
204.50
208.00
208.50
210.75
211.50
211.50
209.50
208.00
212.50
208.00
209.25
209.50
207.00
212.00
223.00
213.50
211.25
217.50
226.50
226.00
215.00
209.50
207.00
214.50
213.50
213.50
213.00
215.00
217.50
216.50
215.00
216.50
215.50
215.00
215.50
215.50
217.00
215.50
214.50
212.50
215.50
212.50
208.50
212.00
222.50
223.50
218.00
210.50
215.50
222.50
215.50
216.50
219.50
218.50
216.50
218.50
216.50
201.00
202.50
201.00
198.50
196.00
199.50
202.00
202.00
199.00
196.50
196.00
206.50
203.50
198.00
200.00
199.00
196.00
202.00
200.00
202.00
196.00
196.50
196.00
196.00
197.00
200.00
200.00
199.00
198.00
196.50
199.00
197.00
197.50
194.00
196.00
199.00
200.00
201.00
198.50
196.00
196.00
203.50
202.50
211.00
212.00
207.00
203.00
199.00
196.00
204.00
195.00
196.00
196.50
196.50
196.00
196.50
192.50
202.00
211.00
202.00
210.00
208.50
205.00
209.00
206.50
205.00
202.00
201.00
203.00
203.00
204.00
198.50
200.00
204.50
204.50
199.00
198.00
201.00
201.00
204.00
211.00
207.00
208.00
205.00
205.50
198.00
205.50
211.00
197.00
204.50
201.50
201.00
205.00
204.00
206.50
204.50
205.00
194.00
193.50
202.00
206.50
203.50
201.00
203.00
203.50
195.50
196.00
190.00
192.50
199.00
199.50
202.00
204.00
208.50
206.50
200.50
199.00
203.00
201.00
199.00
200.00
200.00
201.00
200.50
200.00
199.00
201.00
199.50
199.00
205.00
200.00
194.00
199.00
199.50
198.00
199.50
202.00
200.00
198.00
199.00
196.50
197.00
197.00
195.50
197.00
202.00
198.00
188.50
200.00
193.00
195.50
189.00
192.00
198.00
204.50
198.00
194.50
199.00
201.00
193.00
192.00
151.00
151.00
150.50
151.00
151.00
151.00
150.00
1709.00
1683.00
1688.00
1688.00
1687.00
1682.50
1681.00
1681.00
149.50
149.00
1674.00
1685.00
1684.00
1682.00
149.00
149.00
149.00
149.00
149.00
149.00
149.00
150.00
149.00
148.00
149.00
149.00
173.00
177.50
172.00
171.00
172.50
183.50
181.00
176.00
188.00
183.50
184.00
174.50
182.50
164.00
184.00
165.50
170.00
166.50
165.50
165.00
165.00
148.00
148.00
148.00
148.00
147.00
147.00
148.00
148.00
148.00
148.00
148.00
147.50
148.00
148.00
153.00
154.00
154.00
154.00
154.00
155.00
154.00
154.00
154.00
154.50
154.00
153.00
154.00
154.00
154.00
154.00
153.50
154.00
154.00
154.50
153.50
728.50
606.00
655.50
651.50
659.25
682.50
668.50
684.25
670.75
673.00
562.50
677.50
773.00
577.00
654.25
603.50
662.50
589.00
649.00
641.00
657.25
673.25
620.00
567.50
626.25
621.50
622.50
604.75
611.00
644.00
644.25
646.00
605.00
579.25
632.00
606.50
670.00
657.75
617.00
592.00
567.00
556.00
639.00
550.25
583.25
494.50
518.75
518.50
99.00
99.00
98.50
96.00
96.00
96.00
96.00
96.00
96.00
96.00
96.00
43.00
40.00
41.00
41.00
543.50
500.25
490.50
553.00
460.75
509.00
219.25
588.50
554.25
575.00
590.50
515.00
509.50
469.50
519.00
554.50
495.00
563.50
469.00
485.00
494.00
508.50
413.50
26.00
26.00
26.00
26.00
26.00
26.00
26.00
25.50
26.00
26.00
26.00
26.00
26.00
25.50
26.00
26.00
26.00
25.50
26.00
26.00
26.00
26.00
26.00
26.50
26.00
26.00
26.00
26.00
26.00
26.00
26.00
26.00
26.00
26.00
26.00
26.00
26.50
26.00
26.00
26.00
26.00
26.00
26.00
26.50
26.00
26.00
26.00
26.00
26.00
26.00
26.00
26.00
26.50
26.00
26.00
27.00
25.50
26.00
26.00
27.00
26.00
26.00
26.00
26.50
26.00
26.00
26.50
26.00
26.00
25.50
26.00
26.00
26.00
27.00
26.00
26.00
26.00
26.00
25.50
26.00
26.00
26.00
26.00
26.00
26.00
26.00
26.00
26.00
26.00
25.00
26.00
26.00
26.00
26.00
26.00
26.00
26.00
26.00
26.00
26.00
26.00
26.00
26.00
26.00
25.50
26.00
26.00
25.50
25.50
26.00
26.00
26.50
26.00
26.00
26.50
26.00
25.00
27.50
29.00
29.00
29.00
29.00
29.00
28.50
29.00
29.00
28.00
29.00
29.00
29.00
29.00
29.00
28.00
29.00
26.00
26.00
26.00
27.00
26.00
26.50
25.50
26.00
26.00
26.00
26.00
26.00
26.00
27.00
27.00
26.50
26.00
26.00
27.00
27.00
27.00
26.00
26.00
27.00
27.00
27.00
27.00
27.00
27.00
27.00
26.00
26.50
26.00
26.00
26.00
26.00
26.00
26.00
25.50
26.00
26.00
25.50
26.00
26.00
26.00
25.00
26.00
26.50
26.50
26.00
26.00
25.50
26.00
26.00
26.00
25.00
26.00
27.00
26.00
27.00
26.00
26.00
26.00
25.50
25.50
26.00
25.00
26.00
26.00
26.00
25.50
26.00
26.00
25.00
26.00
27.00
27.00
27.00
26.00
26.00
26.00
27.00
26.00
26.50
27.00
26.00
26.50
26.00
26.00
26.50
26.00
26.00
26.00
26.00
27.00
26.00
26.00
26.00
26.00
25.50
26.00
26.00
26.00
26.00
27.00
66.00
111.00
113.00
117.00
118.50
122.00
124.00
126.50
130.00
132.00
134.00
133.00
134.00
135.00
135.50
136.00
137.00
135.50
135.00
136.00
135.50
136.00
136.00
2935.50
2837.75
2839.50
2836.50
2830.75
2831.50
2831.50
2829.00
2827.00
2820.50
2797.00
2776.50
2780.00
2775.50
2773.50
2778.50
2778.00
2774.00
2773.50
2772.00
2772.00
2769.00
2769.50
3227.25
3469.00
3272.50
3315.50
3273.00
3332.00
3337.75
3304.00
3273.00
537.50
558.25
3263.00
3241.75
3291.00
3257.00
3243.50
3263.00
3256.50
3255.50
3115.50
3233.25
3220.50
3205.50
3278.50
3265.50
3187.50
3198.00
3196.75
575.50
591.00
3286.75
3212.50
3125.00
3217.50
3172.00
3123.00
3259.50
3269.00
3263.50
3278.00
3209.25
3218.50
3254.00
3254.50
577.50
514.50
3155.50
3164.50
3193.00
2772.50
2775.00
2778.50
2770.50
2769.00
2770.00
2769.50
2769.00
2770.50
97.00
97.00
2863.25
2780.25
2773.50
2996.50
3274.00
3146.50
3177.25
3241.50
3242.50
3169.25
3329.00
3281.00
597.00
605.50
3289.50
3200.00
3223.75
3252.50
3185.00
3193.25
3113.50
3177.25
3185.50
1834.50
517.00
3208.00
2977.50
2762.00
2761.00
2762.75
2758.50
2764.50
2762.50
2757.50
91.50
92.00
2775.50
2760.00
2761.00
2786.50
2784.00
2785.00
2786.50
2784.00
116.00
126.50
2798.00
2780.50
2789.25
2786.25
2773.50
2771.00
2770.00
111.00
107.00
1454.50
2776.50
2772.50
2770.75
2775.00
2770.00
108.00
103.00
103.00
103.00
103.00
103.00
103.50
103.50
2826.00
2779.50
2773.00
2767.25
2761.00
2759.50
2759.25
2761.00
107.00
109.50
109.50
111.00
110.50
108.00
109.00
109.00
110.50
118.00
122.00
120.50
117.00
130.00
90.50
91.00
91.00
90.00
90.00
91.00
91.00
91.00
91.00
91.00
91.00
91.00
91.00
91.00
91.00
26.00
26.00
26.00
26.00
26.00
26.00
26.00
26.00
26.00
26.00
26.00
26.50
26.00
26.00
26.00
26.00
26.00
26.00
26.00
26.00
26.00
26.00
26.00
26.00
26.00
26.00
26.00
26.00
26.00
26.00
26.00
26.50
26.00
26.00
26.00
26.00
26.00
26.00
26.00
26.00
26.00
26.50
26.00
26.00
26.00
26.00
26.00
26.00
26.00
26.00
26.00
26.00
26.00
26.00
26.00
26.00
26.00
26.00
26.00
26.00
27.00
28.00
28.00
28.00
28.00
28.00
28.00
28.00
28.00
28.00
28.00
28.00
28.50
28.00
28.00
28.00
28.00
26.00
26.00
26.00
26.00
26.00
26.00
26.00
26.00
26.00
26.00
26.50
26.00
26.00
26.00
26.00
26.00
26.00
26.00
26.00
26.00
26.00
26.00
26.00
26.00
26.00
26.00
26.00
26.00
26.00
26.00
26.00
26.00
26.00
26.00
26.00
26.00
26.00
26.00
26.00
26.00
26.00
26.00
26.00
26.00
26.00
26.00
25.00
27.00
26.00
26.50
25.00
27.00
27.00
27.00
27.00
26.00
26.50
27.00
27.00
27.00
27.00
27.00
26.50
27.00
26.00
26.00
27.00
27.00
27.00
27.00
27.00
26.00
26.00
27.00
27.00
26.00
27.00
27.00
26.50
27.00
27.00
27.00
27.00
27.00
26.00
27.00
27.00
27.00
26.50
27.00
27.00
26.00
27.00
27.00
26.00
26.50
27.00
27.00
26.00
27.00
27.00
26.50
27.00
26.00
26.50
27.00
27.00
27.00
27.00
26.00
27.00
27.00
27.00
26.00
27.00
27.00
27.00
26.50
27.00
27.00
27.00
27.00
26.00
26.50
27.00
27.00
26.00
27.00
27.00
26.00
26.50
27.00
27.00
27.00
27.00
27.00
26.00
26.50
27.00
26.00
26.00
27.00
26.00
25.50
26.00
26.00
27.00
27.00
27.00
26.00
27.00
27.00
27.00
27.00
26.00
27.00
27.00
27.00
27.00
27.00
27.00
27.00
27.00
26.50
26.00
27.00
27.00
26.00
27.00
27.00
27.00
27.00
26.50
26.00
27.00
27.00
27.00
27.00
27.00
27.50
29.00
29.00
29.00
28.00
28.00
28.50
29.00
29.00
28.50
29.00
29.00
28.00
28.50
29.00
29.00
29.00
27.00
27.00
27.00
27.00
27.00
27.00
27.00
26.00
27.00
27.00
27.00
27.00
26.00
27.00
26.00
26.50
27.00
27.00
27.00
27.00
27.00
27.00
27.00
27.00
26.00
26.50
27.00
27.00
26.50
27.00
27.00
27.00
26.00
27.00
27.00
27.00
27.00
27.00
27.00
27.00
26.00
27.00
26.00
26.00
26.50
27.00
27.00
26.50
27.00
27.00
27.00
27.00
27.00
27.00
27.00
27.00
27.00
27.00
27.00
27.00
27.00
27.00
27.00
26.50
26.50
27.00
27.00
27.00
26.00
27.00
27.00
27.00
27.00
26.50
27.00
27.00
27.00
27.00
27.00
27.00
26.50
27.00
27.00
26.00
27.00
27.00
26.50
27.00
27.00
26.50
26.00
27.00
27.00
27.00
27.00
27.00
26.00
27.00
27.00
26.50
26.00
27.00
27.00
27.00
27.00
26.50
27.00
27.00
27.00
27.00
27.00
26.00
26.00
26.00
26.00
26.00
26.00
26.00
26.00
26.00
26.00
26.00
26.00
26.00
26.00
26.00
26.00
26.00
26.00
26.00
26.00
26.00
26.00
26.00
26.00
26.00
26.00
26.00
26.00
26.00
26.00
26.00
26.00
26.00
26.00
26.00
26.00
26.00
26.00
26.00
26.00
26.00
26.00
26.00
26.00
26.00
26.00
26.00
26.00
26.00
26.00
27.00
26.00
26.00
26.00
26.00
26.00
26.50
26.00
26.00
26.00
26.00
26.00
26.00
26.00
26.00
26.00
26.00
26.00
29.00
29.00
28.00
28.00
28.00
28.00
28.00
28.00
28.00
28.00
28.00
28.00
28.00
28.00
28.00
28.00
28.00
26.00
26.00
27.00
25.00
25.00
26.00
26.00
26.50
26.00
27.00
26.50
25.00
25.00
27.00
27.00
27.00
26.00
26.00
27.00
26.50
27.00
26.00
26.50
26.00
26.00
27.00
26.50
27.00
27.00
26.50
26.00
26.00
25.50
26.00
26.00
25.50
26.00
27.00
27.00
27.00
27.00
26.00
26.00
27.00
27.00
25.50
26.00
25.00
27.00
26.00
26.00
26.00
25.00
25.00
26.00
26.50
27.00
27.00
26.00
27.00
27.00
26.00
26.00
26.00
25.00
27.00
26.00
26.00
26.50
27.00
27.00
26.50
27.00
25.00
26.00
27.00
27.00
26.50
27.00
26.00
26.00
26.00
25.00
27.00
26.50
27.00
26.00
26.00
27.00
27.00
27.00
27.00
27.00
26.00
27.00
27.00
25.50
26.50
27.00
27.00
26.00
27.00
27.00
26.00
27.00
27.00
27.00
27.00
25.00
26.50
27.00
27.00
27.00
26.00
27.00
26.00
26.50
26.00
26.00
27.00
27.00
27.00
27.00
27.00
25.00
27.00
25.50
27.00
26.00
27.00
27.00
26.00
27.00
27.00
27.00
26.50
27.00
27.00
27.00
26.00
26.00
26.00
26.00
26.00
26.00
27.00
26.00
26.00
26.50
26.00
25.00
26.50
26.50
25.00
25.00
27.00
27.00
27.00
26.00
27.00
27.00
26.50
27.00
27.00
26.50
27.00
27.00
25.50
26.00
26.00
26.00
26.00
27.00
26.00
26.00
27.00
27.00
26.00
29.00
29.00
28.50
29.00
29.00
29.00
28.00
28.00
29.00
29.00
29.00
28.00
29.00
28.00
29.00
28.50
27.00
27.00
25.00
27.00
27.00
27.00
27.00
26.00
27.00
26.50
26.00
27.00
26.00
26.00
26.00
26.00
26.00
26.00
27.00
26.00
26.00
26.00
26.00
27.00
27.00
26.50
27.00
27.00
27.00
26.00
26.00
27.00
26.50
27.00
27.00
26.00
27.00
27.00
27.00
26.00
26.00
26.50
26.50
26.00
26.00
26.50
25.00
27.00
26.50
26.00
26.00
27.00
26.00
26.00
26.00
26.00
27.00
26.00
25.50
26.00
26.00
26.00
26.00
25.00
26.00
26.00
26.00
26.00
26.00
26.00
26.00
26.00
26.00
26.00
26.00
26.00
26.00
26.00
26.00
26.00
26.00
26.00
26.00
26.00
26.00
26.00
26.00
26.00
26.00
26.00
26.00
26.00
26.50
26.00
26.00
26.00
26.00
26.00
26.00
26.00
26.00
26.00
26.00
26.00
26.00
25.50
26.00
26.00
26.00
26.00
26.00
26.00
26.00
26.00
26.00
26.00
26.00
26.00
26.00
26.00
26.00
26.00
26.00
26.00
26.00
26.00
26.00
26.00
26.00
26.00
26.00
26.00
26.00
26.00
26.00
26.00
27.00
26.00
26.50
26.00
26.00
26.00
27.00
27.00
26.50
26.00
27.00
26.00
27.00
26.00
26.00
26.00
26.00
26.00
27.00
27.00
26.00
26.50
26.00
27.00
26.00
26.00
27.00
26.50
26.00
26.00
27.00
25.50
26.00
26.00
26.00
26.00
27.00
26.00
26.00
25.00
26.00
26.50
26.00
26.00
25.50
29.00
29.00
29.00
29.00
29.00
29.00
29.00
29.00
29.00
29.00
29.00
28.50
29.00
29.00
29.00
29.00
29.00
26.00
26.00
26.00
26.00
26.00
26.00
26.00
26.00
25.50
25.00
26.00
25.00
25.00
26.00
25.50
25.00
26.00
27.00
26.50
26.00
26.00
27.00
27.00
27.00
26.50
27.00
26.00
26.50
26.50
27.00
26.00
26.00
26.00
27.00
26.50
27.00
26.00
26.00
26.00
26.00
25.50
26.00
26.00
26.00
26.00
26.00
27.00
26.50
26.00
26.00
26.00
26.00
27.00
26.50
26.00
26.00
26.50
26.00
26.00
26.00
26.00
25.00
26.00
26.50
27.00
27.00
26.00
26.50
26.00
26.00
26.00
26.00
26.00
26.50
26.00
26.00
27.00
26.00
27.00
26.00
26.00
26.00
25.00
26.50
26.00
26.00
27.00
27.00
26.00
26.50
26.00
26.00
26.50
25.00
27.00
25.50
26.50
26.00
26.00
26.00
27.00
25.00
26.00
26.00
26.00
27.00
27.00
26.00
26.00
27.00
26.00
25.50
26.00
27.00
27.00
27.00
27.00
27.00
27.00
27.00
27.00
26.00
26.00
27.00
26.00
27.00
27.00
27.00
26.50
27.00
27.00
26.00
27.00
27.00
27.00
27.00
27.00
27.50
26.00
27.00
26.50
26.00
26.00
27.00
26.00
27.00
26.00
26.00
26.00
27.00
26.50
27.00
27.00
26.50
26.00
27.00
27.00
27.00
27.00
27.00
26.00
27.00
27.00
27.00
26.50
26.00
27.00
26.00
27.00
27.00
27.00
27.00
27.00
27.00
27.00
27.00
26.50
26.50
27.00
29.00
29.00
29.00
29.00
29.00
29.00
29.00
29.00
29.00
29.00
29.00
28.00
28.00
28.00
28.00
28.00
26.00
25.00
25.50
77.00
78.50
50.00
87.00
110.50
112.00
115.50
118.50
120.50
122.00
124.00
124.00
126.50
128.00
128.50
127.00
127.00
127.00
127.00
127.00
127.00
125.00
125.00
124.00
124.00
124.00
123.00
123.00
121.00
121.00
122.00
122.50
121.50
122.00
123.00
123.00
122.00
124.00
123.50
124.00
124.00
124.00
125.00
126.00
149.00
154.00
152.00
148.50
3071.50
2913.50
2916.00
162.50
2943.75
2912.50
2898.25
2900.00
2899.00
2898.75
2896.75
2898.00
2899.00
2894.50
2896.00
2897.00
2907.50
151.00
150.00
152.00
152.00
150.00
2915.00
2914.00
2902.50
2899.50
2901.50
152.00
148.00
147.00
146.00
2977.50
2904.50
2904.50
2912.00
2904.50
157.50
152.00
151.00
148.00
146.50
2981.00
2914.00
2898.50
2896.50
2902.50
2895.25
161.00
153.00
147.50
146.00
146.00
145.00
2918.75
2899.00
2900.00
2891.25
145.50
146.00
146.50
148.00
149.00
145.00
2938.50
2879.00
2878.00
2851.25
126.00
92.00
92.50
59.00
26.00
26.00
27.00
2812.50
2785.00
2782.50
2781.00
27.50
26.00
26.50
26.00
107.00
107.50
107.00
107.00
107.00
107.00
2918.50
2881.00
2866.50
2863.50
107.00
107.00
107.00
107.00
106.50
107.00
107.00
108.00
107.00
107.00
107.00
107.00
107.00
107.00
107.00
107.00
107.00
107.50
107.50
107.00
107.00
107.50
107.00
107.00
107.00
107.00
107.00
107.00
107.00
107.00
107.00
107.00
107.00
107.00
107.00
106.00
106.00
106.00
106.00
106.00
106.00
106.00
110.00
109.00
109.00
109.00
109.00
109.00
109.00
109.00
109.00
109.00
109.00
109.00
109.00
109.00
109.00
108.00
106.00
106.00
106.00
106.00
106.00
106.00
106.00
106.00
106.00
106.00
106.00
106.00
106.00
106.00
106.00
106.00
106.00
106.00
106.00
106.00
106.00
106.00
106.00
106.00
106.00
106.00
106.00
106.00
106.00
106.00
106.00
106.00
106.00
106.00
106.00
106.00
106.00
106.00
106.00
106.00
106.00
106.00
106.00
106.00
106.00
106.00
106.00
106.00
106.00
106.00
106.00
106.00
106.00
106.00
106.00
106.00
106.00
106.00
106.00
106.00
106.00
106.00
107.00
106.00
106.00
106.00
106.00
106.00
106.00
106.00
106.00
106.00
107.00
106.00
106.00
106.00
106.00
106.00
106.00
107.00
106.00
106.00
106.00
106.00
106.00
106.00
106.00
106.00
106.00
106.00
107.00
107.00
107.00
106.00
106.50
106.00
106.00
106.50
107.00
107.00
107.00
106.50
107.00
107.00
107.00
107.00
107.00
107.00
107.00
107.00
107.00
107.00
107.00
107.00
107.00
107.00
107.00
107.00
107.00
107.00
106.50
107.00
107.00
107.00
106.00
106.00
106.00
106.00
106.00
106.00
106.00
107.00
107.00
106.50
106.00
106.00
106.00
106.00
106.00
106.00
106.00
106.00
106.00
106.00
106.00
106.00
106.00
106.00
106.00
106.00
106.00
106.00
106.00
106.50
106.00
106.00
106.00
106.00
106.00
106.00
106.00
106.00
106.00
106.00
106.00
107.00
106.50
106.00
106.00
106.00
106.00
106.00
106.00
106.00
106.00
106.00
106.00
106.50
106.00
106.00
106.00
106.00
109.00
109.00
109.00
109.00
109.00
109.00
109.00
109.00
109.00
109.00
109.00
109.00
109.00
109.00
109.00
109.00
106.00
106.50
106.00
106.00
107.00
106.00
106.00
106.00
106.00
106.00
106.00
106.00
106.00
106.00
106.00
106.00
106.00
106.00
106.00
106.00
106.00
106.00
106.00
106.00
106.00
106.00
106.00
106.00
106.00
106.00
106.00
106.00
106.00
106.00
106.00
106.00
106.00
132.50
133.50
135.00
136.00
136.00
135.00
136.00
136.00
136.00
135.00
135.50
135.50
136.00
135.50
135.00
135.00
107.00
106.00
106.00
106.00
106.50
106.00
107.00
107.00
107.00
107.00
107.00
107.00
107.00
107.00
107.00
107.00
106.00
107.00
107.00
107.00
107.00
107.00
107.00
107.00
107.00
107.00
107.00
107.00
107.00
107.00
107.00
107.00
107.00
107.00
107.00
107.00
107.00
107.00
107.00
107.00
107.00
107.00
107.00
107.00
107.00
107.00
107.00
107.00
107.00
107.00
107.00
107.00
107.00
107.00
107.00
107.00
107.00
107.00
107.00
107.00
107.00
107.00
107.00
107.00
107.00
107.00
107.00
107.00
107.00
107.00
107.00
107.00
107.00
107.00
107.00
107.00
107.00
107.00
107.00
107.00
107.00
107.00
107.00
107.00
107.00
107.00
107.00
107.00
107.00
107.00
107.00
107.00
107.00
106.00
106.00
106.00
106.00
106.00
106.00
106.00
106.00
106.00
106.00
106.00
107.00
106.00
106.00
106.00
106.00
106.00
106.00
106.00
106.00
106.00
106.00
106.00
106.00
106.00
106.00
106.00
106.50
106.00
106.00
106.00
106.00
106.00
106.50
106.00
106.00
107.00
109.00
109.00
109.00
108.50
110.00
109.00
108.50
109.00
109.00
108.50
108.50
109.00
108.00
108.50
108.00
110.00
106.00
107.00
107.00
107.00
107.00
107.00
107.00
106.00
107.00
106.00
107.00
107.00
107.00
107.00
107.00
107.00
107.00
107.00
107.00
107.00
107.00
107.00
107.00
107.00
107.00
107.00
107.00
107.00
106.50
106.50
107.00
107.00
107.00
107.00
107.00
107.00
107.00
107.00
107.00
107.00
107.00
107.00
106.00
106.00
106.00
107.00
107.00
106.00
107.00
107.00
107.00
107.00
107.00
107.00
107.00
106.00
107.00
107.00
107.00
107.00
107.00
107.00
107.00
107.00
107.00
107.00
107.00
107.00
107.00
107.00
107.00
107.50
107.00
107.00
107.00
107.00
106.00
106.00
106.00
106.00
106.00
106.00
106.00
106.00
106.00
106.00
106.00
106.00
106.50
106.50
106.00
107.00
106.00
107.00
107.00
106.00
106.00
106.00
106.50
107.00
106.00
106.00
106.00
107.50
106.50
106.00
107.00
106.50
106.00
106.00
106.00
106.00
107.00
106.00
106.00
106.00
106.00
106.00
106.00
106.00
106.00
106.00
106.00
106.00
106.00
106.00
106.00
106.00
106.00
106.00
107.00
106.00
106.00
106.00
106.00
106.00
106.00
106.00
106.00
106.50
106.00
106.00
106.50
106.00
106.00
106.00
106.00
106.00
106.00
106.00
106.00
106.00
107.00
106.00
106.00
107.00
107.00
106.00
106.00
106.00
106.00
106.00
106.00
106.00
106.00
106.00
107.00
106.50
106.00
106.00
106.00
106.00
106.00
106.00
106.00
107.00
106.00
106.50
106.00
106.00
107.00
109.50
110.00
109.00
110.00
109.00
109.00
109.50
110.00
110.00
109.50
109.00
109.00
109.00
110.00
109.50
110.00
110.00
107.00
107.00
107.00
107.00
107.00
107.00
107.00
107.00
107.00
107.00
107.00
107.00
107.00
107.00
107.00
107.00
107.00
107.00
107.00
107.50
107.00
107.00
107.00
107.00
107.00
107.00
107.00
107.00
107.00
107.00
107.00
107.00
107.00
107.00
107.00
107.00
107.00
107.00
107.00
107.00
107.00
107.00
107.00
107.00
107.00
107.00
107.00
107.00
107.00
107.00
107.00
107.00
107.00
107.00
107.00
107.00
107.00
107.00
107.00
107.00
107.00
107.00
107.00
107.00
107.00
107.00
107.00
107.00
107.00
107.00
107.00
107.00
107.00
107.00
107.00
107.00
107.00
107.00
107.00
107.00
107.00
107.00
107.00
107.00
107.00
107.00
107.00
107.00
107.00
107.00
107.00
107.50
107.00
107.00
107.00
106.00
107.00
107.00
106.00
107.00
107.00
107.00
107.00
106.00
107.00
107.00
107.00
107.00
107.00
107.00
107.00
107.00
107.00
107.00
107.00
107.00
107.00
107.00
107.00
107.00
107.00
107.00
107.00
107.00
107.50
107.00
107.00
107.00
107.00
107.00
107.00
107.00
107.00
107.00
107.00
107.00
107.00
107.00
107.00
107.00
107.00
107.00
107.00
107.00
107.00
107.00
107.00
107.00
107.00
107.00
107.00
107.00
107.00
107.00
107.00
107.00
107.00
107.00
107.00
107.00
107.00
107.00
107.00
107.00
107.00
107.00
107.00
107.00
107.00
107.00
110.00
110.00
110.00
110.00
110.00
110.00
110.00
110.00
109.50
110.00
110.00
109.00
109.00
109.50
109.00
109.50
107.00
107.00
107.00
107.00
107.00
107.00
107.00
107.00
107.00
107.00
107.00
107.00
107.00
107.00
107.00
107.00
107.00
107.00
107.00
107.50
107.00
107.00
107.00
107.00
107.00
106.00
106.50
106.00
106.00
106.00
107.00
107.00
106.00
107.00
107.00
107.00
107.00
107.00
106.00
107.50
106.50
106.00
107.00
107.00
106.00
106.00
107.00
106.00
106.00
107.00
107.00
107.00
106.50
107.00
106.00
106.00
106.00
106.00
106.00
106.00
106.00
107.00
106.00
106.00
107.00
106.50
106.50
106.00
106.00
106.00
106.00
106.00
106.00
106.00
106.50
106.00
106.00
106.00
106.00
106.00
106.00
106.00
106.00
106.00
106.00
106.00
106.00
106.00
106.00
106.00
106.00
106.00
106.00
106.50
106.00
107.00
107.00
107.00
107.00
107.00
107.00
107.00
107.00
107.00
107.00
107.00
107.00
107.00
107.00
107.00
107.00
107.00
107.50
107.00
107.00
107.00
106.00
107.00
107.00
107.00
107.00
107.00
107.00
107.00
107.00
107.00
107.00
107.00
107.00
107.00
107.00
107.00
107.00
107.00
107.00
107.00
107.00
107.00
107.00
107.00
107.00
107.00
107.00
107.00
107.00
107.00
107.00
107.00
107.00
107.00
107.00
107.00
107.00
107.00
107.00
107.00
107.00
107.00
107.00
107.00
107.00
107.00
107.00
107.00
107.00
107.00
107.00
107.00
107.00
107.00
107.00
107.00
107.00
107.00
107.00
107.00
107.00
107.00
107.00
107.00
107.00
107.00
107.00
110.00
110.00
110.00
110.00
109.00
109.50
110.00
110.00
109.00
110.00
109.00
109.50
110.00
109.00
109.50
108.50
108.00
106.50
106.50
107.00
106.00
107.00
107.00
107.00
107.00
106.50
106.00
107.00
107.00
107.00
107.00
106.50
107.00
106.00
106.50
107.00
107.00
106.00
107.00
107.00
107.00
106.00
106.00
107.00
107.00
107.00
107.00
107.00
107.00
107.00
107.00
107.00
107.00
107.00
107.00
107.00
107.00
107.00
107.00
107.00
107.00
107.00
107.00
107.00
107.00
107.00
107.00
107.00
107.00
107.00
107.00
106.50
107.00
107.00
107.00
107.00
106.00
107.00
107.00
107.00
107.00
107.00
107.00
107.00
107.00
107.00
107.00
106.00
107.00
107.00
107.00
107.00
107.00
107.00
107.00
107.00
107.00
107.00
107.00
107.00
107.00
107.00
107.00
107.00
107.00
107.00
106.00
107.00
107.00
106.00
107.00
106.50
107.00
107.00
107.00
107.00
107.00
106.50
107.00
106.00
107.00
107.00
107.00
106.00
107.00
107.00
107.00
107.00
106.00
107.00
106.50
107.00
107.00
107.00
107.00
107.00
107.00
107.00
107.00
107.00
107.00
107.00
107.00
107.00
107.00
107.00
107.00
107.00
107.00
107.00
107.00
107.00
107.50
107.00
107.00
107.00
107.00
107.00
107.00
107.00
107.00
107.00
107.00
107.00
107.00
107.00
107.00
107.00
107.00
107.00
107.00
107.00
107.00
107.00
107.00
107.00
107.00
107.00
107.00
107.00
107.00
107.00
107.00
107.00
107.00
107.00
107.00
107.00
107.00
107.00
107.00
107.00
107.00
107.00
107.00
107.00
107.00
107.00
110.00
110.00
110.00
110.00
110.00
110.00
110.00
110.00
110.00
110.00
110.00
110.00
110.00
110.00
109.00
110.00
109.00
106.00
107.00
106.50
106.50
108.00
106.00
106.50
107.00
107.00
106.00
106.50
106.00
106.00
107.00
106.00
107.00
106.00
106.00
106.00
106.00
106.00
106.50
106.00
105.50
106.00
105.00
105.50
105.00
105.50
105.50
105.00
105.00
105.00
105.00
105.00
105.00
105.00
106.00
105.00
106.50
105.00
105.00
106.00
106.00
106.00
106.00
106.00
106.00
106.00
106.00
106.00
106.00
106.00
106.00
106.00
106.00
106.00
106.00
106.00
106.00
106.00
106.00
106.00
106.00
106.00
106.00
106.00
106.00
106.00
106.00
106.00
106.00
106.00
106.00
106.00
106.00
106.00
106.00
106.00
106.00
106.00
106.00
106.00
106.00
106.00
106.00
106.00
106.00
106.00
106.00
106.00
106.00
106.00
106.00
106.00
106.00
106.00
106.00
106.00
106.00
106.00
106.00
106.00
106.00
106.00
106.00
106.00
106.00
106.00
106.00
106.00
106.00
106.00
106.00
106.00
106.00
106.00
106.00
106.50
106.00
106.00
106.00
106.00
106.00
106.00
106.00
106.00
106.00
106.00
106.00
106.00
106.00
106.00
106.00
106.00
106.00
106.00
106.00
106.00
106.00
106.00
106.00
106.00
106.00
106.00
106.00
106.00
106.00
106.00
106.00
106.00
106.00
106.00
106.00
106.00
106.00
106.00
106.00
106.00
106.00
106.00
106.00
106.00
106.00
106.00
106.00
106.00
106.00
106.00
106.00
106.00
106.50
106.00
106.00
106.00
106.00
106.00
106.00
106.00
106.00
106.00
109.00
109.00
109.00
109.00
109.00
109.00
109.50
109.00
109.00
109.00
109.00
108.50
109.00
109.00
109.00
109.00
109.00
106.00
106.00
106.00
106.00
106.00
106.00
106.00
106.00
106.00
106.00
106.00
106.00
106.00
105.00
105.00
105.00
106.00
106.00
106.00
106.00
106.00
106.00
106.00
106.00
106.00
106.00
106.00
106.00
106.00
106.00
106.00
106.00
106.00
106.00
106.00
106.00
106.00
106.00
106.00
106.00
106.00
105.50
106.00
106.00
106.00
105.50
106.00
106.00
106.00
106.00
106.00
106.00
106.00
106.00
106.00
106.00
106.00
106.00
106.00
106.00
106.00
106.00
106.00
106.00
106.00
106.00
106.00
106.00
106.00
106.00
106.00
106.00
106.00
106.00
106.00
106.00
106.00
106.00
105.50
106.00
106.00
105.50
106.00
106.00
106.00
106.00
106.00
106.00
106.00
106.00
106.00
106.00
106.00
106.00
106.00
106.00
106.00
105.50
105.00
105.00
105.00
105.00
105.00
105.00
105.00
106.00
106.00
105.50
105.00
106.00
105.00
106.00
106.00
106.00
106.00
106.00
106.00
105.00
105.00
105.00
105.50
105.00
105.00
105.00
105.00
105.00
105.00
105.50
105.00
105.00
106.00
105.00
105.00
105.00
105.00
105.00
105.00
106.00
105.00
105.00
105.00
105.00
106.00
105.50
105.00
105.00
105.00
105.00
106.00
105.00
104.50
105.00
105.00
104.50
105.00
105.00
105.00
105.00
105.00
105.00
105.00
1187.50
1182.00
1181.50
1183.00
1183.00
1183.00
1182.00
1181.00
1181.50
1180.00
1181.00
1181.00
1182.00
1180.00
1178.00
1148.50
107.00
107.00
105.00
105.00
105.00
1178.50
107.00
107.00
108.00
107.00
107.00
107.00
107.00
107.00
107.00
142.50
136.00
126.00
135.50
130.00
129.00
125.00
141.00
139.00
138.50
138.00
125.00
123.00
124.00
123.00
123.00
123.00
124.00
124.00
125.00
122.50
123.00
124.00
126.50
123.00
123.00
123.00
123.50
123.00
123.00
131.00
124.00
124.00
123.50
122.50
123.00
124.50
123.00
123.00
123.00
122.00
122.00
135.00
105.00
105.00
105.00
105.00
105.00
105.00
105.00
105.00
105.00
105.00
105.00
105.00
105.00
105.00
105.00
105.00
105.00
105.00
105.00
105.00
104.50
105.00
105.00
105.00
105.00
105.00
105.00
105.00
105.00
105.00
105.00
105.00
105.00
105.00
105.00
105.00
105.00
105.00
105.00
105.00
105.00
105.00
105.00
105.00
105.00
105.00
105.00
105.00
105.00
118.00
132.00
133.00
134.00
135.00
135.00
135.00
135.00
135.00
135.00
135.00
135.00
135.00
134.00
134.00
135.00
134.00
134.00
133.00
133.00
220.00
218.50
217.00
217.00
217.00
215.00
216.00
215.00
215.00
216.00
214.50
215.00
214.00
214.00
213.00
213.00
2962.75
2922.00
2918.50
2915.50
3072.00
3074.00
3074.00
3067.75
3067.00
3065.00
3065.50
3059.00
3060.00
3056.75
3055.50
3053.00
3055.50
3055.75
3055.50
3052.00
3053.25
3052.00
3053.00
3053.25
3054.50
3054.50
3058.25
3058.00
386.00
387.00
3124.50
3052.50
3047.50
3048.25
3046.00
3046.00
3044.75
3045.00
3042.50
3043.50
3042.50
3040.00
3037.00
3015.00
359.00
359.00
3122.75
3022.50
3017.50
3015.00
3012.50
3011.50
3010.00
3010.00
3007.50
3010.00
3006.50
3010.00
3013.00
362.00
362.00
3039.00
3019.25
3017.00
3016.50
3015.50
3014.50
3015.50
3013.00
3013.00
3010.50
3010.50
3010.50
3013.00
2763.00
108.00
105.00
2777.50
2765.75
2765.25
2765.00
2762.50
2756.50
2760.00
2760.00
2757.00
2759.00
2756.50
2757.75
105.00
2799.00
2770.50
2770.00
2788.50
2807.50
2808.75
2807.50
2808.50
2808.50
2804.00
2806.00
1477.50
151.00
2843.75
2786.50
2781.50
2781.50
2782.50
2776.50
2776.50
2774.00
2788.00
2802.50
150.00
151.00
1523.00
2830.00
2806.00
2805.50
2803.50
2800.00
2798.75
2798.50
2794.00
2769.00
2764.00
2758.00
151.00
150.00
2831.50
2797.50
2789.00
2794.00
2797.50
2798.00
2797.50
2797.50
2798.00
150.50
151.00
2832.50
2797.75
2795.00
2796.50
2794.50
2790.00
2785.00
2794.50
150.00
150.00
150.50
151.00
151.00
151.50
150.50
151.00
2809.50
2744.25
2730.50
2730.50
2725.50
2722.00
2725.50
2726.75
2725.50
2725.50
73.00
72.00
72.00
72.00
72.00
72.00
72.00
72.00
72.00
72.00
2775.50
2739.50
2735.50
2734.50
2735.50
2729.50
2729.50
72.50
72.00
72.00
72.00
72.00
72.00
72.00
72.00
72.00
72.00
72.00
72.00
72.00
73.00
72.00
72.00
72.00
73.00
72.00
72.50
71.50
72.00
74.00
72.00
72.00
72.00
72.00
72.00
72.00
72.00
72.00
72.00
72.00
72.00
72.00
72.00
72.00
72.00
72.00
72.00
72.00
72.00
73.50
72.00
72.00
72.00
72.00
72.00
72.00
72.00
72.00
72.00
72.00
72.00
72.00
72.00
72.00
72.00
72.00
72.00
72.00
72.00
71.50
72.00
72.00
72.00
72.00
72.00
72.00
72.00
72.00
72.00
72.00
74.00
74.00
74.00
74.00
74.00
74.50
74.00
74.00
74.00
74.00
74.00
74.00
72.00
71.00
71.00
72.00
69.00
69.00
69.00
67.00
66.00
66.50
66.00
66.00
66.00
66.00
66.00
66.50
64.00
65.00
64.00
64.00
64.00
64.00
64.00
64.00
61.00
61.00
61.00
61.00
61.00
61.00
61.00
61.00
61.00
61.00
61.00
61.00
61.00
61.00
61.00
61.00
61.00
61.00
61.00
