371.50
368.00
368.50
373.50
372.00
367.00
373.00
366.00
368.00
376.50
373.00
366.00
364.00
373.00
377.00
366.00
369.00
363.00
375.00
372.50
367.50
373.00
372.00
364.50
366.00
365.50
366.00
376.00
361.50
370.50
364.50
367.50
360.00
367.00
370.50
363.00
364.00
352.00
367.00
371.50
370.00
367.00
363.50
362.00
363.50
362.50
359.00
365.00
368.00
363.50
367.00
364.00
365.00
363.50
362.50
350.00
349.50
344.50
346.00
348.00
344.00
345.50
344.00
340.00
342.50
341.00
338.50
85.50
86.00
84.50
84.00
82.50
83.00
83.00
82.00
108.50
142.50
141.50
142.00
143.00
139.50
140.00
136.50
138.00
136.00
134.00
133.00
178.00
180.00
181.00
179.00
328.00
330.00
329.50
330.00
324.50
327.00
326.00
429.00
427.00
429.50
430.50
425.50
424.50
428.50
428.00
426.50
425.50
424.00
425.50
424.50
423.00
425.50
422.50
422.50
426.50
424.00
425.00
425.00
428.50
427.00
426.50
424.50
423.00
425.00
429.00
425.00
426.00
423.00
422.50
425.00
422.50
424.50
424.00
422.50
421.50
426.00
426.00
426.00
422.50
423.50
421.00
422.50
422.50
424.50
423.00
424.00
426.00
422.00
424.50
422.50
426.00
427.50
425.50
426.00
424.50
422.50
423.00
424.00
423.50
423.00
445.50
466.00
467.50
466.00
464.50
464.00
463.00
464.50
466.00
465.00
467.00
465.50
468.00
468.50
466.00
466.00
466.50
468.00
464.00
466.50
467.00
466.50
467.00
466.00
718.00
476.00
476.50
644.00
835.00
821.50
798.00
792.50
792.50
787.00
787.50
782.50
784.00
791.00
785.50
788.00
788.00
786.50
785.50
787.00
781.00
781.00
781.00
781.00
780.00
775.50
780.50
781.00
777.50
771.50
766.00
697.00
618.00
620.00
624.00
620.50
625.00
620.50
616.50
617.50
619.00
614.50
625.50
621.50
624.50
631.00
631.00
631.00
614.00
614.00
619.00
618.00
606.00
607.00
615.50
618.50
609.00
614.00
614.00
611.50
617.00
606.00
607.00
612.00
610.50
612.00
613.50
612.00
621.50
622.00
620.00
620.00
620.00
616.00
615.50
609.00
611.00
612.50
604.50
613.50
612.00
604.50
615.50
614.00
605.50
606.00
610.00
610.00
609.00
607.00
599.00
604.50
603.00
601.50
605.00
600.00
600.00
600.00
598.50
593.50
598.50
599.00
594.00
592.00
598.00
597.00
596.00
599.00
583.50
591.00
588.00
596.00
587.00
588.50
592.00
590.00
590.00
590.00
588.50
591.00
591.50
594.50
593.00
593.50
592.50
594.50
590.00
595.50
592.00
595.50
585.00
595.00
590.50
592.00
587.00
595.00
592.50
590.00
598.00
598.00
592.00
600.00
600.00
600.00
309.50
310.00
311.00
307.50
311.00
308.50
311.00
311.50
312.50
311.50
311.50
311.00
311.00
309.50
311.50
309.50
311.50
309.50
308.00
311.50
311.00
311.00
310.00
310.50
311.00
308.00
309.00
310.00
312.00
311.50
312.00
313.50
315.00
314.00
312.00
312.00
313.00
316.00
313.50
311.50
313.00
310.50
313.50
308.50
309.00
310.00
311.50
307.00
310.50
309.50
310.00
309.00
308.50
312.00
310.00
309.50
310.00
312.50
311.00
311.00
312.50
312.00
314.50
310.50
316.00
311.00
310.50
312.50
309.50
311.00
311.50
307.00
309.00
310.00
310.50
308.00
310.00
321.50
321.00
318.50
318.50
317.00
316.00
317.50
320.00
317.50
319.00
319.00
319.50
320.00
319.00
322.00
321.00
323.00
320.50
320.00
318.00
319.50
321.00
317.50
318.00
319.50
316.50
318.50
321.00
320.50
321.00
321.00
320.00
324.50
318.50
319.50
322.00
320.00
321.50
321.50
323.50
323.50
323.00
677.00
694.50
676.50
659.00
651.50
640.50
637.00
637.00
637.00
637.00
637.00
620.50
626.50
615.50
619.00
625.00
615.00
613.50
616.00
615.50
619.00
612.50
615.50
614.00
609.00
612.00
616.50
610.00
611.00
604.00
611.50
612.00
612.00
612.00
610.00
600.00
610.00
608.50
605.50
605.00
609.00
600.00
606.50
605.00
603.00
604.50
605.50
603.50
604.00
605.50
607.50
602.00
600.50
598.00
606.00
606.00
601.00
604.00
604.00
600.50
600.00
599.50
602.50
599.00
596.00
601.00
596.00
597.00
597.00
597.00
598.00
594.00
596.00
602.00
595.50
597.00
595.50
595.00
599.00
599.00
599.00
594.00
602.00
595.00
599.50
596.50
593.50
588.00
597.00
596.00
600.00
592.50
588.50
593.50
593.00
584.50
591.00
595.00
590.00
586.50
597.00
601.00
601.00
601.00
597.00
597.50
593.50
592.00
585.50
582.50
575.50
571.00
570.50
571.50
570.50
569.00
567.00
569.50
572.00
569.00
566.50
567.50
309.00
309.00
309.50
310.00
307.50
310.50
311.00
310.00
311.00
314.50
308.00
312.00
312.00
313.50
311.00
312.50
312.00
309.00
308.50
311.00
309.00
310.00
311.50
312.00
309.00
310.50
311.50
308.50
312.50
311.50
311.50
311.00
311.50
314.50
312.00
313.00
312.00
314.00
312.50
312.50
314.50
387.50
463.50
463.00
463.00
463.00
461.00
461.50
460.50
463.50
462.50
464.00
464.00
462.50
461.00
465.00
463.50
462.50
463.00
462.00
462.00
464.50
464.00
460.50
464.00
460.50
462.50
462.00
464.00
463.00
463.50
462.50
462.50
459.50
466.00
462.50
466.00
462.50
463.50
464.50
464.00
464.00
465.00
465.50
467.00
463.50
464.50
466.50
466.50
466.50
466.50
468.00
467.50
462.50
464.50
461.00
462.50
461.00
465.00
461.50
464.50
462.00
462.00
462.50
464.00
462.50
461.00
462.00
462.00
460.00
464.50
466.00
464.00
464.00
465.00
463.50
465.00
463.00
463.50
464.00
461.50
463.00
465.00
464.50
463.00
826.00
830.50
813.00
803.50
794.00
779.00
781.50
781.50
775.50
776.50
773.50
776.50
771.50
768.50
769.00
765.00
765.50
767.00
768.00
774.00
771.50
766.50
770.00
767.50
762.00
756.50
765.00
763.50
761.00
762.00
767.50
764.00
762.00
767.50
754.00
761.00
757.50
763.50
759.50
758.50
763.00
760.00
759.00
758.50
762.00
757.00
761.50
757.00
758.00
758.50
761.00
755.50
755.50
755.50
755.50
755.50
756.00
750.00
756.00
755.00
755.50
754.00
751.00
750.50
756.50
755.50
755.00
756.00
756.00
750.50
755.00
758.00
759.00
754.00
750.50
755.00
757.50
754.00
754.00
762.50
753.50
759.00
752.00
753.00
752.00
751.00
752.00
748.50
747.00
750.00
752.00
752.00
748.00
749.00
747.00
750.00
747.50
747.00
745.50
746.00
747.00
747.50
746.50
750.00
748.00
746.00
745.50
752.00
736.00
734.50
730.00
729.00
733.00
728.00
714.50
727.00
724.00
725.00
720.50
723.50
719.50
727.00
722.50
467.50
467.50
467.00
465.50
464.50
465.50
465.50
468.50
466.00
466.00
462.00
462.00
462.50
465.00
462.50
462.00
465.00
465.50
466.00
465.00
464.50
462.50
462.50
465.50
466.00
464.50
468.50
467.50
467.00
463.00
473.50
471.50
473.00
470.50
470.00
475.00
474.00
470.50
472.50
473.00
474.00
472.00
473.00
474.00
475.00
473.00
472.00
472.00
473.00
472.50
472.50
473.00
477.00
475.00
473.50
475.50
476.00
472.00
477.00
476.00
477.00
477.00
476.50
476.00
476.00
473.50
477.00
474.00
475.00
476.00
475.00
471.00
475.50
473.00
473.50
473.00
472.00
472.00
468.50
464.00
462.00
465.00
462.50
463.00
467.00
467.50
470.00
464.00
464.50
465.50
462.00
463.00
463.00
463.00
464.50
464.00
461.00
463.50
463.00
465.00
467.00
463.50
464.00
464.00
466.50
463.00
464.00
464.50
465.00
466.50
466.00
463.50
463.50
463.50
464.00
465.00
465.00
464.50
464.50
464.00
465.00
465.00
463.50
465.50
466.00
467.00
824.00
824.00
799.50
791.50
787.50
779.00
782.00
783.00
774.50
776.00
772.00
773.00
769.50
778.00
768.50
769.50
765.50
771.50
762.00
764.50
762.00
770.00
757.50
760.50
761.00
760.00
761.50
760.50
760.50
761.00
760.50
759.00
766.50
755.00
758.00
762.00
761.00
761.00
759.00
755.00
756.00
757.50
756.00
753.00
752.50
754.50
750.50
754.00
758.50
751.00
760.00
755.00
750.00
750.00
753.00
753.00
749.50
751.50
755.50
752.00
752.50
752.00
749.00
753.50
755.00
748.50
757.00
751.50
754.50
751.00
746.00
754.00
752.00
751.00
751.50
748.00
750.00
750.50
746.50
747.00
750.00
747.50
745.50
747.00
749.50
747.00
754.50
749.50
749.50
744.00
744.00
600.00
593.50
592.00
594.50
596.50
592.50
594.50
594.50
595.50
594.00
587.00
590.00
593.00
596.00
603.00
593.50
594.00
754.50
749.50
742.00
742.50
744.50
739.50
738.00
735.00
732.50
728.00
735.50
736.00
2263.00
3068.50
2765.50
2750.00
2691.00
2607.00
2623.00
2672.00
2715.00
2730.50
2742.50
2744.00
2746.00
2749.50
2746.00
2753.00
2748.50
2747.50
2759.00
2762.00
2767.00
2765.00
2766.50
2771.00
2775.50
2773.00
2770.50
2772.50
2772.50
2774.50
2772.00
2778.00
2766.50
2774.00
2776.00
2779.50
2773.50
2767.50
2769.00
2775.00
2768.50
2772.00
2768.00
2769.50
2770.50
2776.50
2775.50
2774.00
2778.00
2781.00
2776.50
2780.00
2777.00
2781.50
2776.50
2777.00
2775.00
2781.00
2772.00
2778.50
2780.50
2770.00
2767.00
2768.00
2768.00
2771.50
2778.00
2783.50
2779.00
2776.50
2775.00
2773.50
2779.00
2777.00
2777.00
2777.50
2774.00
2778.00
2784.00
2783.00
2784.50
2786.00
2779.00
2782.00
2775.50
2779.50
2782.00
2780.50
2783.00
2789.50
2790.50
2789.00
2784.50
2787.00
2779.00
2779.50
2781.50
2785.00
2781.50
2783.00
2786.00
2782.00
2779.50
2780.00
2783.00
2790.00
3047.00
2792.00
2794.50
2792.50
2789.00
2791.00
2760.50
2758.50
2752.50
2751.50
2750.00
2756.00
2753.00
2750.00
2752.50
2757.00
3137.50
3111.00
3097.50
3087.00
3076.00
3073.00
3071.00
3066.00
3058.50
3053.00
3054.00
3052.50
3055.50
3049.00
3055.50
3055.50
3044.50
3038.50
3049.00
3838.50
3845.00
3845.00
3845.00
3845.00
970.50
731.00
734.50
737.00
729.00
729.50
727.00
727.00
734.00
736.50
733.50
739.00
736.00
737.00
739.50
733.00
738.00
731.50
728.00
735.00
728.00
727.50
733.50
738.00
729.50
739.00
733.00
729.50
731.00
741.00
731.50
733.50
728.00
730.50
730.50
729.50
1641.00
3072.50
3109.00
3108.00
2997.00
2952.00
2929.50
2921.50
2957.00
2991.00
3004.00
3016.00
3016.00
3016.00
3027.50
3041.00
3040.50
3036.00
3040.00
3030.50
3024.00
3035.00
3023.00
3023.00
3022.50
3026.50
3019.00
3022.50
3023.00
3025.50
3022.00
3031.00
3016.50
3020.00
3019.00
3028.00
3028.00
3028.00
3014.00
3019.50
3022.50
3023.00
3014.50
3010.50
3015.00
3007.00
3008.50
1133.00
1139.50
1138.00
722.50
719.00
719.50
568.50
422.00
285.50
285.50
285.00
284.50
184.50
129.50
130.00
130.00
133.00
131.50
128.00
129.00
89.50
86.00
90.50
89.00
88.50
87.50
86.50
85.00
88.00
89.50
87.50
88.00
88.00
88.00
89.50
90.00
88.50
91.00
90.50
89.00
88.50
88.50
85.50
86.50
82.00
82.50
83.50
81.00
81.00
82.00
82.00
78.50
83.00
82.00
82.00
81.50
82.00
81.00
82.50
81.50
83.00
84.50
84.00
83.00
82.00
84.00
85.00
82.50
84.00
83.50
83.00
82.00
84.00
82.50
82.50
80.00
82.50
81.50
82.00
82.50
81.50
81.00
81.00
82.00
81.00
81.00
83.00
85.00
83.00
83.50
83.00
82.50
86.00
86.00
83.50
83.50
82.00
82.00
82.00
83.00
81.00
82.00
83.50
81.00
82.50
84.50
80.00
80.50
80.50
81.50
81.00
81.00
83.50
83.50
83.00
83.50
81.50
84.50
85.00
84.00
85.00
84.50
84.00
82.00
83.00
84.00
80.50
82.50
81.50
81.00
82.50
82.00
82.00
82.50
80.00
81.00
81.50
252.00
446.50
434.50
423.00
409.00
409.50
405.00
407.00
404.00
402.50
404.50
398.00
397.50
393.50
387.00
387.00
387.00
389.00
387.00
390.50
388.50
391.00
388.00
389.00
393.00
382.50
386.50
384.00
381.00
381.00
384.00
385.00
385.00
383.50
385.00
383.00
383.50
377.00
382.00
382.00
382.00
378.00
374.00
380.50
379.00
371.50
376.00
373.50
374.00
376.50
379.00
370.50
375.00
377.00
376.50
380.00
379.50
378.00
376.00
379.00
376.00
378.00
383.00
383.00
383.00
383.00
373.00
380.00
373.50
373.50
371.00
369.50
378.50
373.00
370.50
374.00
373.00
371.50
374.00
368.50
370.00
373.50
368.00
367.50
374.50
371.00
377.00
377.00
377.00
374.00
369.00
368.00
370.00
367.50
371.00
368.00
370.00
369.50
369.50
368.00
371.00
364.50
370.00
373.00
362.00
363.00
363.00
358.00
82.00
83.00
82.00
83.50
83.50
84.00
81.50
81.00
82.50
83.00
84.00
81.00
81.50
82.00
81.00
82.00
81.00
82.00
81.50
82.50
82.00
82.00
82.50
81.00
81.00
80.50
81.00
80.00
82.50
82.50
83.00
81.50
84.00
85.50
79.50
81.00
83.50
81.50
83.50
79.00
80.00
81.50
79.00
80.50
79.00
80.50
79.00
81.00
81.50
80.00
80.00
78.00
78.50
79.00
83.00
80.00
82.50
80.50
81.50
82.00
83.50
82.00
80.50
80.00
80.00
78.00
79.00
81.50
80.00
79.50
79.50
79.50
80.00
81.50
80.00
79.50
79.00
79.50
81.00
78.50
79.00
80.50
78.50
82.00
82.50
80.00
81.00
78.50
83.00
80.00
82.50
80.50
81.00
79.50
80.00
79.50
80.00
80.00
80.00
77.50
79.00
82.00
79.50
79.50
79.50
80.00
82.00
82.00
80.50
78.50
80.00
81.00
80.50
81.00
81.00
80.50
80.50
79.00
82.00
80.00
79.00
81.00
79.00
79.00
78.50
81.00
80.00
447.50
432.00
418.00
409.00
402.00
396.50
398.00
394.00
399.00
398.00
393.50
388.50
387.50
384.50
384.00
387.50
385.50
383.00
380.00
383.00
375.00
380.00
380.00
377.50
376.00
383.50
379.00
374.50
371.00
382.00
381.00
376.50
380.00
375.50
377.50
378.50
374.50
371.50
375.00
372.00
373.50
372.00
371.00
371.00
371.00
368.00
372.00
371.50
368.00
369.00
369.50
366.00
369.50
366.00
365.00
372.00
370.50
370.00
374.50
368.00
368.00
367.50
370.50
365.50
365.50
370.50
375.00
366.00
369.00
364.50
369.00
365.00
365.50
364.50
363.50
517.50
522.50
520.00
520.00
520.00
522.00
513.00
517.00
518.00
516.50
522.00
516.50
521.00
517.50
514.00
518.00
517.00
522.00
519.50
517.00
515.00
517.00
514.00
513.50
514.00
516.50
512.50
511.50
512.00
514.50
512.00
511.00
511.00
235.50
234.50
236.50
237.50
235.00
236.50
234.00
237.00
239.00
237.00
234.50
238.00
236.50
234.50
234.00
235.50
235.00
235.00
233.50
235.00
235.50
233.00
235.00
234.00
234.50
234.00
79.50
81.50
80.00
79.50
237.50
234.50
235.50
234.50
238.00
236.50
237.50
236.00
236.00
236.00
234.00
234.00
240.50
234.00
234.50
234.00
233.50
235.50
235.00
234.50
234.00
236.00
236.50
236.00
234.50
236.50
235.50
232.50
237.00
237.50
237.50
236.00
235.50
236.50
240.00
234.00
235.00
233.50
234.00
233.50
232.50
233.00
235.00
232.00
233.00
233.50
234.00
233.50
235.00
234.00
239.00
232.00
235.00
234.00
238.00
235.00
236.50
235.00
236.00
233.00
235.00
234.00
234.00
234.50
232.50
233.50
234.50
236.50
234.50
232.50
232.00
81.50
81.50
83.00
84.50
90.50
90.50
92.00
92.00
88.50
324.00
81.00
81.50
84.00
90.00
88.00
90.50
93.00
91.00
88.00
89.00
471.50
448.00
436.50
422.00
412.00
410.00
406.50
400.00
406.00
402.50
399.00
396.50
391.00
394.50
393.50
394.00
393.00
393.00
392.00
394.00
389.50
391.50
389.00
388.50
385.50
389.00
382.00
381.00
381.00
383.50
381.50
381.50
379.00
380.00
378.00
376.50
378.50
378.00
375.00
382.00
373.50
376.00
373.50
379.50
381.50
372.50
377.00
379.00
374.50
375.00
370.50
371.50
374.00
378.50
372.00
372.00
376.00
366.00
375.50
364.50
370.00
373.00
370.00
375.50
377.00
368.00
370.00
372.50
371.00
373.00
369.50
375.00
383.00
366.50
368.00
363.00
368.00
370.50
365.00
364.00
365.50
368.00
373.00
367.00
370.50
369.50
366.50
361.50
364.50
366.00
362.00
370.00
368.50
364.50
367.00
380.50
366.00
365.00
371.00
364.00
367.00
362.50
359.50
364.00
362.00
365.00
363.00
361.50
364.50
360.50
361.00
363.00
366.00
364.00
364.50
358.50
359.00
362.50
360.00
81.50
81.00
81.50
82.50
82.00
82.50
81.50
82.50
82.00
82.00
82.00
81.00
80.00
80.00
81.00
80.00
81.00
79.50
81.00
82.50
81.50
80.00
79.50
79.50
79.00
80.50
80.00
81.00
83.50
82.50
82.00
82.50
82.00
81.00
80.00
84.00
81.50
82.00
82.50
80.50
79.50
81.00
78.50
81.00
80.00
80.00
79.00
81.00
79.50
82.00
80.00
78.50
80.50
79.50
79.00
90.00
80.00
81.00
80.00
83.00
81.00
82.00
82.00
80.00
80.00
79.00
79.00
80.50
79.00
81.50
81.00
83.00
80.00
82.50
80.50
80.00
80.00
80.00
82.00
79.00
83.50
80.50
82.00
84.00
82.50
80.50
82.50
80.50
81.50
79.00
79.50
79.00
80.00
79.00
79.50
80.00
79.00
79.00
81.50
81.50
79.50
80.00
79.50
78.50
78.50
79.00
81.50
82.50
85.00
83.00
84.00
82.00
83.50
84.00
86.00
82.00
83.50
84.00
78.50
80.00
80.00
78.00
81.00
80.00
82.50
447.00
439.00
419.50
410.00
404.50
395.00
400.00
401.00
390.00
397.00
393.00
387.00
386.50
391.00
391.00
388.00
386.50
387.00
388.00
380.00
380.00
386.00
379.00
385.00
374.00
378.00
375.00
376.00
376.00
378.00
371.50
371.00
376.00
370.50
381.50
370.00
374.00
378.50
374.50
367.50
375.00
375.50
373.50
372.50
370.00
373.50
373.00
367.50
372.00
374.00
371.50
370.00
367.50
367.50
370.50
376.00
371.00
367.00
365.50
371.00
369.50
370.00
369.00
369.00
367.50
367.00
366.50
371.00
367.50
370.00
367.00
359.50
366.00
362.50
364.00
365.50
362.00
363.50
362.50
370.00
361.00
367.50
364.00
361.50
361.50
361.50
359.50
363.50
365.00
370.00
366.00
366.00
367.50
361.50
362.00
358.50
363.50
361.00
362.00
365.00
362.00
361.00
360.00
361.00
361.50
360.50
360.00
362.50
360.50
351.50
346.50
343.50
343.00
344.00
342.00
80.00
80.50
79.50
81.50
83.00
82.00
80.50
80.50
80.00
79.50
82.50
80.00
82.50
79.50
80.50
80.00
82.00
75.50
78.00
80.00
80.00
79.50
80.00
80.50
80.00
80.00
80.50
84.00
82.00
82.00
81.50
80.00
82.00
84.00
81.00
81.50
79.00
79.50
80.00
79.00
79.00
80.00
81.00
81.00
80.00
79.00
79.00
80.00
80.50
79.50
79.00
80.50
84.50
82.50
84.00
80.00
80.00
79.00
80.50
78.50
81.00
79.00
82.00
83.00
79.00
78.00
81.00
81.00
82.00
79.00
80.50
80.50
80.50
79.00
79.50
79.00
80.00
83.50
80.00
80.00
83.00
79.00
80.50
85.50
81.50
81.00
79.50
81.00
79.50
79.00
80.00
81.00
79.50
80.00
80.00
80.50
79.00
80.50
79.50
78.50
82.00
79.50
79.00
79.50
81.00
79.50
82.50
81.00
80.50
80.50
80.50
82.00
81.50
79.50
80.00
79.50
79.50
77.50
81.00
83.00
82.00
80.50
78.50
80.00
80.50
80.00
79.50
80.00
441.50
438.50
421.50
417.00
403.00
403.50
402.00
394.00
393.00
391.50
394.50
392.00
397.00
390.50
389.00
384.50
384.00
389.00
381.00
379.50
383.50
378.50
383.50
379.00
375.50
382.00
382.50
380.00
380.00
376.50
374.00
376.00
377.50
375.50
375.50
377.00
384.00
372.00
370.00
369.50
374.00
375.50
371.00
376.00
375.50
376.50
370.50
372.50
368.00
366.50
368.00
370.50
369.50
365.50
371.00
366.50
369.00
372.50
366.00
365.50
368.50
366.00
368.00
364.00
373.00
367.00
361.50
366.00
362.00
370.00
366.50
364.00
365.00
363.00
365.00
365.50
361.00
369.00
363.00
365.00
360.00
364.00
366.00
365.00
366.00
364.50
363.50
363.00
367.50
364.50
368.50
366.00
363.00
360.50
365.50
361.50
362.00
358.50
362.50
362.50
362.00
358.50
360.00
362.50
359.00
360.00
358.50
355.00
348.50
348.50
346.00
346.50
346.50
343.00
80.00
85.50
82.00
81.00
81.00
79.00
78.50
80.00
80.00
80.00
81.00
79.00
79.00
79.00
82.00
80.00
78.00
82.00
78.50
80.00
79.50
80.00
83.50
82.00
80.00
81.00
81.50
81.50
81.00
83.00
83.00
83.50
81.00
80.00
82.00
81.50
79.50
80.00
82.00
82.00
79.00
79.50
80.00
79.00
81.00
83.50
79.50
81.50
79.50
82.00
81.50
81.00
81.50
83.00
81.50
84.00
81.00
80.00
80.50
82.00
81.00
78.00
80.00
80.50
80.00
80.00
79.00
79.50
79.00
80.00
80.50
80.00
80.00
80.00
82.00
82.00
76.50
80.00
80.00
83.00
83.50
81.50
83.00
85.00
80.00
79.50
79.00
78.00
79.50
79.50
82.00
80.50
80.00
80.00
80.50
81.00
79.50
78.50
80.00
81.00
81.00
82.00
80.00
82.00
81.50
80.00
81.00
80.50
83.50
89.00
79.00
81.50
79.50
81.50
80.00
80.00
80.50
82.00
80.00
80.50
82.00
80.00
79.50
81.50
80.50
255.00
451.00
428.00
419.50
408.50
412.50
398.50
400.50
392.50
396.50
394.50
395.00
393.00
393.00
389.00
382.50
382.50
381.50
384.00
388.50
379.00
381.00
376.50
382.50
375.00
379.00
377.00
381.00
379.00
383.00
381.00
373.50
374.00
374.00
377.50
377.50
370.50
373.50
368.00
377.00
371.00
379.50
372.50
372.00
375.00
376.50
372.50
370.00
374.00
371.50
367.00
372.50
370.00
371.00
372.00
369.00
377.00
365.00
365.00
369.00
373.00
372.00
364.00
364.00
365.50
371.00
371.00
367.00
364.00
370.50
368.50
364.00
363.50
364.50
367.00
368.00
364.00
364.00
364.50
364.00
360.00
365.00
366.00
365.00
363.50
366.00
362.00
366.00
365.50
362.00
357.50
368.00
361.00
364.50
362.50
362.00
363.00
360.00
360.00
361.00
365.00
360.00
362.50
363.00
362.00
361.00
365.00
362.00
360.00
365.00
82.50
81.50
82.00
82.50
82.50
82.50
81.00
82.00
81.00
82.00
80.00
79.00
81.50
79.00
80.00
78.50
83.00
83.00
78.00
78.50
79.00
78.00
79.00
83.00
80.50
84.50
81.00
78.50
81.00
80.00
85.00
81.00
82.00
84.00
81.50
83.50
79.00
82.50
79.00
78.00
79.00
80.00
80.00
77.50
79.50
80.50
79.00
81.50
79.00
81.00
81.50
82.50
81.50
79.50
80.00
81.50
82.00
82.00
84.50
81.00
78.50
83.00
78.50
84.00
78.50
81.50
80.00
81.00
78.50
82.50
81.50
78.50
81.50
81.50
80.50
80.00
79.50
85.50
81.50
83.50
83.50
87.00
83.50
82.50
83.00
81.50
80.00
84.00
82.00
80.50
78.00
79.00
80.00
79.50
77.50
78.50
81.00
80.00
79.00
78.50
78.50
80.50
82.50
82.50
82.00
82.50
83.00
81.50
82.50
82.00
80.50
78.00
79.50
80.00
81.50
79.00
83.00
83.00
78.00
79.50
79.50
82.50
77.50
78.00
447.00
436.00
421.50
411.50
406.00
401.00
401.50
401.00
394.00
394.00
392.00
390.50
389.00
389.50
379.50
385.00
387.00
382.50
383.00
379.00
387.50
383.00
379.50
381.00
378.50
378.00
372.00
373.00
374.00
373.50
381.00
377.50
370.50
382.50
375.50
382.00
377.50
375.50
370.50
371.00
368.50
372.00
373.00
373.50
369.00
370.50
371.00
371.00
371.00
370.00
370.50
369.50
365.50
367.00
373.00
365.00
377.00
370.00
374.50
370.00
370.00
366.50
366.00
364.00
370.50
357.00
370.00
374.00
368.00
366.00
371.00
365.50
368.50
363.00
365.00
369.50
360.50
365.50
366.00
367.00
371.00
360.50
364.50
366.00
366.00
367.00
364.50
367.00
368.00
362.50
358.00
367.00
363.00
360.50
364.00
360.00
362.00
361.00
364.00
363.00
361.50
361.00
368.00
361.50
361.50
365.50
361.00
361.00
358.00
360.50
363.50
355.00
367.00
355.50
80.00
82.50
82.50
85.00
84.50
81.50
83.50
81.00
78.50
80.00
79.00
84.50
78.50
81.00
79.00
80.50
82.50
81.00
79.50
81.00
79.50
78.00
82.00
82.50
84.00
82.00
82.00
82.00
84.50
81.00
81.00
81.50
81.50
81.00
82.50
82.00
79.50
82.00
80.50
79.50
81.50
82.00
80.00
82.00
78.50
76.50
78.00
78.00
81.50
80.50
80.50
83.00
81.50
82.50
83.00
83.00
82.00
81.00
82.00
78.00
81.50
82.50
82.00
80.00
79.50
80.00
80.00
79.00
79.00
81.00
77.00
79.00
81.00
81.00
83.00
79.00
80.50
80.50
84.00
84.00
81.50
83.00
82.00
82.50
81.00
81.50
80.00
81.50
79.00
81.00
84.00
81.00
82.00
80.00
79.00
80.00
80.00
79.50
80.50
82.00
78.50
82.00
81.50
82.50
81.50
81.00
83.00
84.50
84.00
84.00
81.00
81.50
79.50
82.00
81.00
85.00
80.00
82.00
86.00
86.00
88.50
453.50
445.50
431.00
416.00
404.50
400.00
399.50
400.50
395.00
393.00
394.50
392.00
391.00
386.00
385.00
392.00
385.00
385.00
376.00
389.00
385.00
384.50
380.00
378.00
387.00
378.00
383.00
376.00
381.50
371.50
376.50
372.50
378.50
373.00
386.00
374.00
380.00
377.50
374.50
377.00
380.50
375.50
370.00
374.50
375.50
369.00
380.50
377.00
374.00
371.00
370.50
374.00
367.00
365.50
371.50
367.00
368.50
373.00
371.50
362.00
374.00
375.50
370.00
375.00
368.00
363.00
369.00
368.50
372.00
366.50
365.00
364.50
361.00
364.50
364.50
367.50
365.00
366.00
363.00
372.00
373.00
365.00
365.00
359.50
359.00
366.50
363.00
360.00
361.00
364.50
367.50
366.50
371.50
367.00
362.50
365.00
364.00
358.50
358.00
365.50
362.50
356.00
366.50
359.00
363.00
365.00
364.50
361.00
364.50
362.00
357.00
360.50
365.00
357.50
369.00
361.50
360.50
357.00
224.00
83.00
84.00
82.50
81.00
80.00
79.00
80.00
81.50
80.00
81.00
79.50
82.00
81.00
80.00
81.00
83.50
80.00
83.00
79.00
83.50
81.00
83.00
83.50
85.00
82.50
81.00
79.50
82.00
82.00
83.50
81.00
81.50
80.00
78.00
83.00
79.50
77.00
79.00
79.00
80.00
82.50
81.50
82.00
79.50
82.00
81.50
83.00
78.00
81.50
84.50
80.00
81.50
83.00
79.50
86.00
80.00
83.00
82.00
78.00
80.00
80.00
82.50
81.50
78.50
81.00
81.00
80.50
80.00
81.00
81.50
81.00
80.00
82.00
80.50
80.50
78.50
84.00
82.00
82.00
82.50
84.00
80.50
78.50
80.00
84.00
79.00
78.50
79.50
79.00
79.50
79.00
80.00
83.00
79.50
82.00
81.00
82.00
80.50
81.00
80.00
85.00
82.00
81.50
82.50
82.00
82.00
79.50
82.00
79.00
80.50
80.00
81.50
79.50
88.00
90.50
88.00
83.50
89.00
86.00
460.50
444.00
427.00
415.50
404.50
399.00
399.00
402.50
398.00
392.50
399.00
392.00
392.00
388.50
385.00
389.00
384.50
387.00
384.50
389.50
380.00
384.00
383.00
383.00
383.00
378.00
380.00
383.00
377.50
374.50
375.00
374.00
380.00
376.50
377.50
376.50
379.00
379.00
379.00
376.00
384.00
379.50
371.00
375.50
366.00
367.00
376.00
380.00
364.50
370.00
372.00
368.00
373.00
373.00
379.00
373.00
370.00
372.00
369.00
369.50
372.50
374.00
368.00
368.50
371.00
374.00
369.00
373.50
364.00
361.00
360.00
368.50
366.00
363.50
363.00
369.00
362.50
366.50
371.50
368.50
368.50
369.00
360.50
365.00
364.00
365.00
373.00
367.00
366.50
365.00
359.00
357.50
366.50
360.00
368.00
366.50
363.50
364.00
361.50
364.50
368.00
362.00
362.00
363.50
360.00
359.50
366.00
357.00
363.00
360.50
367.00
361.50
366.00
363.00
363.00
358.00
355.50
362.00
360.50
361.00
361.00
362.00
78.50
82.00
79.00
80.00
84.00
82.00
81.50
81.00
85.50
82.00
80.50
80.50
80.50
80.00
79.00
80.50
79.50
83.00
85.50
84.00
83.50
81.50
84.00
82.00
81.50
79.50
81.50
82.00
81.00
81.50
80.50
82.00
80.00
79.00
80.50
81.00
80.50
79.00
82.00
82.00
80.00
83.50
85.00
81.50
82.00
80.00
86.00
83.00
85.00
84.00
80.50
82.00
82.00
83.00
81.00
79.50
80.00
80.00
82.50
82.00
80.50
80.50
79.50
80.00
81.50
80.00
79.00
80.50
82.00
82.50
79.00
82.00
84.50
81.00
82.50
81.50
84.00
81.00
81.50
81.50
80.50
81.00
82.00
80.50
80.00
82.00
83.00
80.50
82.00
79.50
78.50
82.50
80.00
81.50
83.50
84.50
84.50
84.50
81.50
83.00
81.50
86.00
84.50
82.00
79.50
80.50
81.50
80.50
82.50
83.50
81.50
85.50
89.50
91.50
89.00
89.50
90.00
89.50
462.00
444.00
416.50
406.50
402.00
402.00
404.00
402.50
399.50
394.50
399.00
393.50
393.50
390.50
383.50
391.00
384.50
385.00
378.00
382.00
383.50
386.00
384.50
382.50
386.00
381.00
379.00
377.00
385.00
379.00
382.00
383.00
382.00
375.00
378.00
372.00
378.00
375.50
372.00
379.50
374.00
376.00
378.00
377.00
372.50
372.50
371.00
369.00
370.00
367.00
380.00
370.00
371.00
372.00
372.00
375.50
375.00
372.00
368.00
369.00
372.50
366.00
372.00
365.50
367.50
366.00
371.00
368.00
367.50
372.00
366.00
365.50
366.50
370.00
370.00
366.50
370.00
365.50
369.00
372.00
374.00
373.00
371.50
370.00
369.50
362.00
380.00
372.00
367.50
374.50
370.00
364.00
370.50
369.00
367.50
365.00
361.00
369.50
360.50
366.00
361.00
365.00
363.50
365.00
358.00
369.00
361.50
360.50
364.00
354.50
372.00
363.00
367.00
358.50
362.50
362.50
362.50
362.00
371.50
355.50
364.00
359.00
360.50
359.50
366.00
81.50
81.00
80.00
79.50
82.00
78.00
81.00
80.50
83.50
82.00
81.50
82.00
81.00
81.00
82.50
81.50
78.00
82.00
86.50
82.50
80.00
81.50
81.00
83.50
80.00
80.50
79.00
79.00
79.50
81.00
83.50
81.00
82.00
81.00
80.00
81.00
79.00
84.00
82.50
85.00
83.00
81.00
82.00
82.50
80.00
81.00
79.00
80.50
79.00
81.00
82.00
81.00
80.00
81.00
82.50
82.00
84.50
80.00
82.50
79.00
78.00
82.00
81.00
84.00
84.50
85.00
82.00
79.50
80.50
82.50
81.50
86.50
80.00
80.00
81.00
79.00
80.50
82.50
80.50
78.50
80.50
80.00
79.50
80.50
82.00
78.00
80.50
81.50
82.00
84.50
81.00
80.00
81.50
82.50
83.00
82.50
80.00
83.00
80.00
80.50
80.50
79.50
81.50
80.00
81.50
79.00
79.00
79.00
78.50
81.50
84.50
88.00
90.50
90.00
87.50
92.00
88.50
465.00
438.00
428.00
417.00
405.00
402.50
404.50
398.00
398.00
397.50
390.50
384.00
385.00
388.00
390.50
390.50
387.00
383.00
385.00
385.50
385.50
380.00
377.50
385.50
379.00
383.50
375.50
381.00
386.00
378.00
377.50
380.50
382.00
376.50
373.50
380.50
373.00
369.00
378.00
375.00
374.50
380.50
376.50
381.50
380.00
380.00
370.50
369.50
369.50
378.00
371.50
374.00
372.50
373.00
369.50
374.00
375.00
366.50
369.00
370.50
373.00
373.50
363.00
372.00
374.00
368.00
370.00
367.50
366.50
365.50
364.50
369.00
368.50
368.50
371.00
363.50
364.50
372.00
367.00
366.50
376.00
370.50
362.50
364.00
367.00
367.00
366.00
371.50
359.50
363.50
370.00
366.00
366.00
364.50
368.00
367.50
365.50
361.00
362.00
367.00
362.00
366.50
363.00
369.00
364.00
366.50
364.00
375.00
367.00
361.00
365.00
366.00
365.50
377.00
362.50
361.50
361.00
361.50
367.00
360.50
362.00
358.00
367.00
361.00
362.00
367.00
368.00
366.50
364.50
361.50
81.00
82.50
79.50
84.50
84.00
82.00
83.00
83.00
81.00
79.00
79.50
80.50
80.00
80.50
81.50
80.50
80.00
81.00
80.50
80.00
83.50
82.50
80.00
80.50
80.00
79.50
79.50
81.50
78.00
81.50
80.50
78.50
80.50
80.00
82.00
82.00
82.00
79.00
79.50
81.00
80.50
79.50
82.00
80.50
82.50
80.50
81.50
79.50
79.00
80.00
81.50
79.50
80.50
81.50
82.00
82.00
79.50
80.50
80.50
81.50
81.00
80.00
80.50
83.00
80.00
81.00
79.00
82.00
80.00
79.00
80.00
79.50
82.00
80.50
80.00
77.50
81.50
83.00
80.50
79.00
82.00
80.00
81.50
79.50
83.00
80.00
83.00
81.50
79.00
83.00
81.50
80.00
79.50
82.00
80.00
79.00
79.00
78.50
79.00
77.00
81.50
79.00
82.50
80.50
85.00
81.00
80.50
82.50
82.50
83.00
89.50
91.00
90.00
89.00
88.50
427.00
452.00
448.00
415.50
418.50
407.00
406.50
397.00
399.50
393.50
395.50
390.50
394.50
387.50
391.00
391.00
389.50
395.00
382.00
390.50
383.00
388.50
389.50
388.50
388.00
382.50
388.00
378.00
385.50
382.00
381.00
379.00
381.50
383.50
380.50
378.00
384.50
376.50
379.50
373.50
374.00
380.00
369.00
371.50
370.00
372.00
371.00
380.50
378.00
381.00
376.00
377.00
378.50
374.00
375.00
370.00
368.00
372.50
373.50
365.50
369.00
374.00
368.50
365.00
373.50
367.00
362.00
374.00
371.00
369.00
374.50
368.50
376.00
369.50
371.00
375.00
376.00
372.00
368.00
370.50
364.50
365.50
372.50
369.00
370.00
369.00
373.50
363.50
366.00
369.00
371.00
369.50
368.50
368.50
368.50
365.00
372.00
367.50
366.00
369.00
363.00
369.50
360.00
365.00
367.50
363.50
360.00
369.00
367.00
365.50
365.00
363.00
360.00
364.00
361.50
365.50
365.00
364.50
359.50
365.50
356.00
360.50
365.00
366.00
362.50
368.00
364.50
367.00
359.50
369.50
363.00
366.00
364.00
356.00
355.00
347.50
346.00
345.00
346.00
346.00
339.50
342.00
81.50
81.50
80.00
79.50
80.00
82.00
81.50
86.00
85.00
81.50
82.00
82.00
84.50
80.50
80.50
83.00
80.00
79.00
81.00
81.50
79.50
78.50
78.50
80.00
77.50
79.50
83.00
82.00
82.50
79.50
79.00
79.50
79.50
79.50
83.50
81.50
81.00
80.50
82.50
84.00
80.00
83.50
81.50
82.00
81.50
80.00
82.00
82.00
80.50
81.50
82.00
86.50
83.00
79.00
83.50
82.50
79.00
80.00
82.00
81.50
84.00
83.50
82.00
80.50
85.00
83.00
84.00
84.00
81.50
80.00
80.50
79.00
82.50
82.00
78.00
81.00
80.00
80.00
82.50
81.00
82.00
79.00
80.00
80.00
79.00
82.50
81.50
84.50
81.50
82.00
86.00
81.00
85.50
84.50
81.00
80.50
81.50
88.00
81.00
82.00
79.00
80.50
81.00
81.50
82.50
82.50
79.00
83.50
89.00
89.50
90.50
91.50
91.50
93.50
91.00
91.00
468.00
459.50
440.50
420.50
409.00
412.50
402.00
398.50
402.50
391.00
394.50
388.00
389.50
394.50
392.00
392.00
386.50
386.50
384.50
387.50
385.00
380.00
387.00
385.50
386.00
384.00
383.00
382.00
381.00
380.50
382.50
382.50
380.50
382.50
377.50
379.00
382.00
380.00
377.50
378.50
375.00
380.00
383.00
382.50
379.50
371.50
374.50
376.00
376.50
379.00
375.00
373.00
379.00
376.00
376.50
379.50
374.00
380.50
373.00
366.50
369.50
373.00
373.00
368.00
373.00
367.00
368.50
368.50
368.00
374.00
370.00
370.50
370.00
370.00
370.50
368.50
370.00
366.50
372.00
371.00
380.00
377.50
368.50
370.00
371.50
367.00
367.50
366.00
366.00
367.00
371.00
368.00
371.50
366.00
373.00
368.50
368.50
367.00
366.00
365.50
366.00
367.00
371.50
375.00
372.00
365.00
368.00
364.50
366.50
368.00
366.50
370.50
366.00
369.00
367.50
366.00
366.50
372.00
374.00
366.50
365.50
367.00
362.00
368.50
365.00
364.00
366.00
371.00
366.00
366.00
366.00
363.50
358.00
360.50
354.00
349.50
349.00
343.50
343.50
342.00
348.50
342.00
340.50
347.00
345.00
81.50
83.50
81.50
81.50
80.50
81.50
80.50
83.50
84.00
86.00
83.50
79.00
79.00
81.00
83.00
81.50
79.00
79.00
82.50
81.00
83.00
79.50
81.50
81.00
82.00
81.50
81.50
82.00
81.00
83.00
84.50
82.00
81.00
81.50
77.50
81.50
84.00
84.50
82.50
84.50
82.50
81.00
83.00
85.00
82.00
81.50
80.00
82.00
82.00
81.00
84.50
81.00
83.00
79.00
82.50
80.00
81.50
82.50
83.00
82.00
82.50
79.50
79.50
82.50
86.00
84.50
84.00
85.50
82.00
84.00
83.00
86.00
84.00
80.50
82.50
82.50
81.50
80.50
83.00
81.00
80.00
80.50
80.00
80.50
81.00
82.00
82.00
81.50
78.50
80.00
82.00
81.00
82.00
85.50
83.50
82.00
82.00
81.50
82.00
82.00
82.00
80.00
83.00
82.00
80.50
81.50
81.50
83.50
80.00
80.00
81.50
87.50
86.50
90.00
88.50
87.50
91.00
84.00
94.00
272.50
456.00
447.50
425.50
412.00
407.00
402.00
404.00
400.50
402.00
393.50
395.50
392.00
394.00
388.00
385.00
393.50
386.00
388.50
389.00
386.50
386.50
384.00
379.50
381.00
377.00
381.00
388.00
386.00
394.00
380.00
382.50
377.00
370.50
379.50
380.00
370.00
380.50
376.50
376.50
378.00
375.00
377.00
380.00
373.00
369.50
377.50
380.00
374.00
365.00
365.50
380.50
375.50
376.50
376.00
374.00
374.00
375.50
374.50
373.00
365.50
368.00
374.50
369.00
377.00
373.00
370.00
366.50
369.00
369.00
372.50
370.50
367.00
375.00
374.00
368.00
380.50
366.00
373.00
370.00
373.00
370.00
368.00
366.50
377.50
371.00
370.50
368.50
368.00
371.00
368.50
371.00
368.50
369.00
365.50
365.50
369.50
366.50
367.50
365.00
366.00
370.50
367.00
361.00
368.50
370.00
367.00
369.00
363.50
364.50
368.00
363.00
362.50
368.50
365.00
368.50
366.50
378.00
362.50
367.50
366.00
365.00
368.00
365.50
369.00
364.00
370.00
361.00
369.00
362.50
364.50
360.00
356.00
354.50
351.00
349.00
350.00
346.00
344.00
342.00
340.00
341.00
343.00
336.00
80.50
80.50
81.00
84.00
83.00
81.50
83.00
82.00
80.00
81.00
83.00
83.50
85.00
80.50
81.50
81.00
82.50
83.50
82.00
79.50
81.50
81.00
83.50
80.50
83.50
82.00
82.50
81.00
82.00
82.00
80.50
82.00
83.00
81.50
82.00
82.50
82.00
82.50
83.50
82.00
84.00
82.00
84.00
84.00
83.50
82.00
80.50
83.50
83.50
80.00
80.50
84.00
83.00
80.00
80.50
80.00
79.00
84.50
80.00
81.50
82.00
81.50
82.00
81.50
82.50
85.00
83.50
83.50
81.00
83.50
83.50
82.50
80.50
82.50
81.00
79.50
82.50
81.50
84.00
83.00
82.00
83.00
82.50
81.50
81.50
91.00
80.00
84.00
84.00
81.50
84.00
82.00
82.50
85.00
84.00
80.00
83.00
82.50
85.00
83.50
82.50
80.00
79.50
84.00
84.00
81.00
83.50
81.00
81.50
85.00
87.50
88.50
86.50
90.00
91.50
89.50
92.00
464.00
452.50
433.00
412.50
412.00
406.50
404.00
404.00
404.50
394.50
393.50
394.00
394.00
390.00
386.50
385.00
389.50
387.00
383.50
384.00
382.00
386.50
383.00
379.50
389.00
379.00
372.00
387.00
384.50
386.00
383.50
389.00
379.00
379.00
375.50
377.50
380.50
384.00
373.00
380.50
384.00
382.00
379.50
377.00
370.50
378.00
371.00
371.00
372.50
376.50
368.50
368.50
371.00
379.00
379.00
371.00
374.00
377.00
374.00
381.00
369.00
369.00
367.00
365.50
365.50
368.00
371.00
377.00
369.00
367.00
365.00
370.00
378.50
376.00
369.00
362.00
365.50
372.00
366.00
368.00
368.00
367.00
373.50
376.00
369.50
370.50
373.00
369.50
375.50
370.00
369.00
367.00
369.00
364.50
364.00
377.00
363.00
368.00
368.00
368.00
367.00
365.50
361.00
368.00
362.50
369.00
368.50
360.00
371.50
374.00
370.00
368.00
370.00
362.00
366.00
369.50
365.00
368.50
370.00
365.50
367.50
364.00
364.00
369.00
367.50
368.00
364.00
365.00
359.50
362.00
354.50
359.50
350.50
345.50
344.00
348.50
345.50
350.50
341.50
344.00
342.50
340.00
343.00
344.00
82.00
81.00
83.00
82.00
83.00
84.00
81.00
80.50
84.00
81.00
81.00
83.00
83.00
85.50
82.50
85.50
83.50
82.50
84.00
