2607.00
2604.50
2614.50
2621.00
2618.00
2622.00
2993.50
2970.00
2964.50
2957.00
2959.00
2956.00
2953.50
2947.00
2951.00
2949.50
2950.50
2944.50
2938.00
2943.50
2944.50
2941.00
2950.00
2936.50
2945.50
2939.00
2945.00
2939.50
2937.50
2931.50
2930.50
2936.00
2933.50
2933.50
2933.00
2936.50
2939.50
2939.50
2935.50
2925.00
2928.50
2941.50
2931.00
2936.50
2924.00
2921.50
2922.00
2937.00
2933.00
2926.50
2925.00
2930.00
2923.50
2916.00
2925.00
2928.50
2923.50
2923.50
2919.00
2917.00
2921.50
2924.00
2919.50
2925.50
2923.00
2914.50
2916.00
2920.00
2918.50
2911.00
2910.00
2917.00
2905.50
2905.50
2905.50
2906.50
2906.00
2906.00
2901.50
2913.00
2909.00
2914.50
2914.50
2902.00
2905.50
2898.00
2899.50
2904.50
2904.50
2897.50
2901.50
2896.00
2893.00
2884.00
2888.50
2901.00
2906.00
2900.50
2896.50
2896.00
2893.00
2890.50
2897.50
2890.00
2887.00
2893.50
2901.50
2887.00
2894.50
2897.00
2885.00
2887.00
2886.50
2874.00
2884.00
2892.50
2886.00
2881.50
2875.50
2876.00
2869.00
2870.50
2870.00
2860.00
2858.50
2859.00
2855.00
2856.00
2853.00
2856.00
2865.00
2848.50
2851.50
2849.50
2846.50
2844.00
2837.00
2844.00
2838.00
2841.00
2837.00
2840.00
2825.00
2829.50
2569.00
2573.00
2581.50
2576.50
2571.00
2567.50
2564.50
2566.50
2562.00
2565.50
2560.50
2563.50
2566.50
2566.00
2563.50
2564.00
2560.50
2571.00
2560.50
2561.50
2566.50
2558.00
2562.00
2562.50
2558.50
2560.50
2560.00
2560.00
2562.00
2561.00
2558.50
2568.50
2563.50
2563.00
2557.00
2559.50
2562.00
2555.50
2557.50
2555.00
2554.50
2552.00
2555.00
2550.00
2556.00
2546.50
2553.50
2692.50
2563.00
2554.50
2552.00
2556.00
2554.50
2553.50
2549.00
2548.50
2554.00
2548.00
2624.50
2698.50
2696.50
2544.50
2544.00
2544.50
2549.50
2541.00
2544.00
2554.00
2545.00
2546.50
2540.00
2544.50
2534.50
2532.00
2527.50
2536.50
2546.00
2543.50
2541.50
2535.00
2536.50
2534.00
2540.50
2535.50
2545.00
2687.50
2690.00
2679.00
2682.50
2683.00
2698.50
2698.00
2696.00
2697.50
2690.50
2698.50
2693.00
2692.00
2703.50
2698.50
2701.00
2708.50
2700.00
2696.00
2700.00
2624.00
2546.50
2543.00
2543.00
2542.50
2539.00
2695.50
2698.00
2636.00
2550.50
2551.50
2918.50
2928.00
2908.00
2884.00
2884.00
2877.50
2859.00
2857.00
2855.00
2862.50
2870.00
2859.50
2848.00
2850.00
2856.00
2849.50
2853.50
2844.00
2845.00
2863.50
2857.50
2846.50
2843.00
2843.50
2842.50
2852.50
2838.50
2852.00
2850.00
2837.50
2843.50
2845.00
2829.00
2828.50
2830.00
2822.00
2823.50
2827.00
2830.00
2828.00
2830.50
2825.00
2837.50
2840.50
2841.00
2846.50
2840.00
2836.00
2830.00
2837.00
2837.00
2829.00
2829.00
2796.00
2846.50
3009.50
3009.00
3007.00
3007.50
3006.50
3003.00
3007.00
3005.00
3006.50
2997.00
3101.00
3104.00
3096.00
3095.00
3102.00
3104.50
3091.00
3096.50
2938.00
2848.00
2859.00
2859.00
2859.00
2859.50
2844.00
2848.00
2835.50
2838.50
2834.00
2839.00
2829.00
2825.00
2840.50
2838.50
2842.00
2833.00
2840.00
2842.50
2847.00
2842.50
2833.50
2846.00
2838.00
2852.00
2846.50
2849.00
2846.00
2831.00
2840.00
2846.00
2841.00
2839.50
2840.50
2836.00
2832.50
2843.50
2837.00
2834.50
2827.00
2831.50
2815.00
2819.50
2817.50
2813.00
2808.50
2806.00
2804.50
2823.50
2821.50
2814.00
2801.50
2811.50
2810.50
2807.00
2805.00
2797.50
2797.50
2804.00
2796.50
2795.00
2656.00
2529.00
2526.50
2531.00
2531.00
2535.50
2533.50
2537.50
2534.00
2539.00
2545.50
2543.50
2538.00
2537.50
2532.00
2541.00
2535.00
2543.50
2528.00
2531.00
2533.50
2534.00
2530.50
2527.50
2542.50
2537.50
2535.50
2529.50
2520.00
2532.00
2532.50
2540.50
2529.50
2533.50
2527.50
2527.00
2531.50
2541.00
2533.00
2530.00
2527.50
2540.00
2529.00
2528.50
2535.00
2518.00
2516.00
2522.00
2520.00
2518.00
2526.00
2521.50
2522.50
2522.50
2523.00
2524.50
2528.00
2524.00
2529.50
2522.50
2521.50
2530.00
2529.00
2527.50
2530.50
2526.00
2523.00
2529.00
2525.50
2533.00
2532.50
2528.00
2531.00
2527.50
2528.00
2530.00
2529.00
2530.00
2530.50
2537.00
2536.00
2531.50
2534.00
2539.00
2535.50
2532.50
2536.00
2530.50
2539.00
2542.00
2540.50
2536.50
2533.00
2533.00
2528.00
2532.50
2536.50
2522.00
2519.00
2497.50
2514.00
2514.00
2513.00
2519.00
2513.50
2525.00
2525.50
2530.00
2528.00
2523.00
2532.00
2526.50
2531.00
2535.00
2534.00
2530.00
2530.00
2527.00
2525.50
2528.50
2528.50
2524.50
2524.50
2527.50
2525.50
2526.00
2523.50
2524.00
2525.00
2529.00
2521.00
2529.50
2529.00
2527.00
2869.00
1913.50
949.50
927.00
927.00
927.00
490.50
477.00
483.00
484.00
483.50
482.50
483.00
486.50
484.00
481.00
488.00
512.00
522.00
515.00
517.50
521.50
481.00
477.00
476.50
477.00
521.50
603.50
542.50
538.00
553.50
553.00
558.00
547.00
555.00
550.50
548.50
549.00
550.00
544.00
547.50
545.50
543.00
552.50
540.50
540.00
544.50
538.50
543.00
539.50
542.00
542.00
547.50
544.00
543.00
534.00
547.50
541.00
541.50
542.50
536.50
538.00
1113.50
1104.50
1092.00
1090.50
1087.00
1082.00
1085.00
1085.50
1091.00
1090.50
1090.50
1087.00
1090.50
1080.00
1321.00
1321.00
1082.00
1081.50
1082.50
1057.00
1090.50
1075.00
3044.50
3543.00
3556.00
3538.00
3613.50
3609.50
3597.00
3548.50
3577.50
3611.50
3567.50
3619.00
3645.50
3659.00
3827.00
3826.50
3833.50
3679.50
3679.00
3679.00
3679.00
3828.00
3832.50
3828.50
3831.00
3828.50
3826.00
3826.00
3819.00
3668.00
3662.00
3621.50
2676.50
1719.00
1717.00
1726.50
1295.00
1293.50
460.00
453.50
454.50
453.00
453.00
453.00
459.50
454.00
454.50
453.00
456.00
461.00
457.00
460.00
463.00
454.50
456.50
453.50
455.00
454.00
462.00
456.50
458.50
463.00
455.50
451.50
455.50
451.50
452.00
453.50
450.50
449.50
452.00
451.00
449.00
450.50
452.50
448.00
448.50
449.50
447.50
449.00
448.00
452.00
447.50
447.50
456.00
449.50
452.50
449.00
452.50
451.00
478.00
479.00
451.00
449.50
451.50
450.00
449.00
451.00
447.50
447.50
452.00
447.50
452.00
453.50
904.50
873.00
844.00
827.00
824.00
813.00
818.00
815.50
800.50
809.00
800.50
794.00
796.00
786.00
782.00
781.00
778.50
767.00
768.00
765.50
755.00
751.50
741.00
739.50
727.50
724.00
724.00
720.50
713.50
709.00
709.00
706.50
701.50
723.00
765.00
789.00
791.00
804.00
807.00
806.00
810.00
809.00
811.00
816.00
796.50
800.00
814.50
795.00
800.50
806.00
793.00
789.50
789.50
806.00
787.50
793.00
792.50
793.00
782.00
789.50
785.50
786.50
789.50
785.50
788.00
784.00
782.00
784.00
777.00
777.00
777.50
778.00
779.00
771.50
773.00
770.00
769.00
765.00
770.00
765.00
768.50
767.00
764.00
768.00
765.00
767.00
769.00
765.00
763.00
768.50
771.00
758.50
763.50
766.00
763.50
760.00
769.50
770.00
768.50
775.00
763.00
768.00
765.00
775.50
762.00
766.00
766.00
759.00
767.00
764.50
766.00
766.00
763.00
759.50
761.50
760.50
765.50
752.00
755.00
758.50
751.00
754.50
762.50
754.00
757.00
755.00
752.00
747.50
750.00
748.50
699.00
850.50
847.00
499.00
546.00
499.00
493.50
641.00
648.50
646.00
651.50
652.50
661.50
652.00
653.50
659.00
712.00
714.50
715.00
717.00
706.00
712.50
710.00
700.00
700.50
698.50
693.00
699.50
694.50
543.00
540.00
538.50
540.00
538.00
539.00
532.00
536.00
545.50
544.50
535.50
538.50
538.50
534.00
533.00
538.00
530.00
535.00
534.00
540.50
547.50
531.50
535.50
538.00
547.00
535.50
540.50
535.50
526.50
536.50
534.50
535.00
537.00
533.00
534.00
549.00
538.00
534.00
538.00
544.50
534.50
533.00
537.00
545.00
529.00
538.00
531.00
533.00
545.00
695.50
697.50
534.00
534.50
539.50
552.00
547.00
544.00
544.50
538.50
536.50
534.00
535.50
538.50
539.50
531.50
536.00
533.00
535.00
524.00
533.00
534.50
536.50
530.00
535.00
529.00
527.50
532.00
525.00
526.50
531.50
532.50
531.00
529.00
524.00
524.50
526.50
529.00
521.00
525.50
524.50
533.50
527.00
535.00
524.50
528.50
533.00
529.00
531.00
523.00
513.50
503.00
499.00
506.00
498.50
487.50
490.00
484.00
485.50
486.50
485.00
481.50
484.00
482.00
480.00
495.00
495.50
483.00
484.50
487.00
482.00
481.50
481.00
478.50
478.00
480.50
476.00
476.00
479.00
478.50
478.50
477.00
476.00
472.50
475.00
482.00
468.50
474.50
472.50
472.00
473.00
474.00
475.50
473.50
474.50
473.50
473.50
475.00
474.00
216.00
217.00
220.00
217.50
215.00
216.00
220.00
333.00
347.50
370.00
370.00
269.50
216.00
212.50
210.00
211.00
213.50
206.00
205.00
211.50
204.00
212.00
215.00
216.00
222.00
216.00
216.00
218.00
218.00
223.50
220.00
216.50
215.00
214.00
214.50
216.00
217.00
211.00
210.50
215.00
207.00
212.50
212.50
213.50
211.50
208.50
207.00
211.50
210.50
210.00
210.00
206.50
212.50
213.00
208.00
205.00
202.50
202.00
196.00
198.00
203.00
198.00
197.00
195.00
201.50
197.50
194.00
192.50
196.00
191.50
192.50
196.50
193.50
190.50
194.50
192.50
190.00
191.00
189.50
187.00
196.50
189.00
185.50
185.00
188.50
185.00
183.00
184.00
185.00
184.50
183.50
186.50
186.00
181.00
186.00
183.00
180.50
185.00
184.50
181.50
184.50
182.00
184.00
187.50
180.50
187.00
179.50
180.50
181.00
187.00
182.00
190.00
187.50
192.00
186.50
187.50
364.00
564.50
544.50
520.00
507.50
497.50
497.00
493.50
493.00
489.00
490.00
485.50
487.00
489.00
487.50
476.50
480.00
483.50
475.50
475.00
466.50
474.50
474.00
471.50
473.50
465.00
475.00
469.00
464.00
469.00
470.00
466.50
467.00
474.00
467.00
468.00
468.00
461.00
468.00
462.00
460.50
458.50
458.00
459.50
468.00
463.50
457.50
465.00
456.00
464.00
462.00
453.00
457.00
454.00
456.50
450.00
452.50
457.00
458.00
459.50
456.50
458.00
464.00
444.00
457.50
451.00
450.00
454.00
446.50
455.00
448.50
447.50
449.00
450.50
443.00
455.50
450.50
446.00
448.00
443.50
447.50
444.50
451.00
449.50
448.00
453.50
451.50
449.50
444.00
449.50
444.00
445.00
446.50
448.50
440.50
450.00
449.50
441.00
440.00
439.50
444.00
439.00
442.50
446.50
439.50
443.50
440.00
444.50
439.50
439.50
445.00
453.00
454.50
440.50
437.50
431.50
423.00
422.50
163.00
157.50
156.50
158.50
161.00
158.50
160.50
159.00
157.00
164.00
159.50
159.50
157.50
162.00
161.00
158.00
174.50
161.50
167.50
170.00
170.00
168.00
173.00
171.00
167.00
170.00
168.50
173.00
173.50
172.50
165.50
171.50
171.50
170.00
170.50
169.50
166.50
160.00
166.50
169.00
170.00
165.00
168.00
168.50
171.50
170.50
171.50
166.00
157.00
166.00
158.00
157.50
160.50
159.00
150.50
151.00
151.50
153.50
150.00
154.50
149.50
152.50
155.00
150.50
149.00
159.00
151.00
150.00
155.00
151.50
150.00
151.50
155.00
153.00
150.00
155.00
151.50
151.00
153.50
154.00
153.50
150.00
150.00
150.50
152.00
154.50
153.50
151.50
148.00
149.50
149.50
151.00
151.00
152.00
155.00
150.50
151.00
152.00
155.50
152.00
151.00
153.00
152.00
152.00
153.50
151.50
154.00
150.50
153.50
151.50
151.00
150.50
150.00
150.00
152.50
151.00
148.00
151.50
156.00
150.00
150.50
150.50
150.50
150.50
155.50
518.50
503.00
493.00
478.50
474.50
472.50
471.50
466.50
465.50
470.50
458.00
457.00
461.00
455.50
459.50
457.50
462.00
450.00
455.50
459.50
456.00
443.00
449.50
446.50
446.00
449.50
449.50
443.50
446.50
448.50
446.50
443.00
449.50
445.00
445.50
447.00
445.00
444.00
450.50
443.50
449.00
440.50
446.00
441.00
440.50
438.50
444.00
440.00
444.00
447.00
439.00
439.50
442.50
442.50
442.50
442.00
440.50
441.50
445.00
443.00
436.50
436.50
442.50
444.00
442.00
442.00
430.00
434.00
435.50
437.50
437.00
438.50
442.50
433.00
439.00
435.50
434.00
440.50
435.50
441.50
438.50
436.00
438.00
434.50
436.00
434.00
435.00
438.50
431.50
434.00
436.50
431.50
429.00
428.00
432.00
435.50
431.50
430.00
436.00
429.50
429.00
431.50
433.50
435.50
435.50
432.00
430.50
433.50
152.00
156.50
153.50
152.50
151.00
156.00
155.50
150.00
151.00
158.50
151.00
153.00
162.00
160.00
166.00
158.00
162.00
161.00
163.50
167.00
165.50
165.50
166.50
167.00
162.00
166.00
167.50
175.00
169.50
168.00
167.50
162.50
162.00
164.00
163.00
162.50
164.00
161.50
165.50
162.00
165.50
163.00
163.50
155.00
154.00
157.00
153.00
154.00
155.50
162.50
154.00
152.00
158.50
154.00
151.00
154.00
151.50
153.00
152.50
151.50
153.00
151.00
153.50
151.00
150.00
151.00
151.00
151.50
150.00
153.00
154.00
150.00
151.00
151.00
151.00
162.00
154.00
156.00
156.50
154.00
153.00
152.50
154.50
152.50
151.50
151.00
150.00
152.00
155.00
152.00
152.00
151.00
153.00
149.50
154.50
151.00
153.50
152.50
152.50
151.50
152.00
154.00
152.00
159.00
153.50
153.00
153.00
156.00
153.00
153.50
150.50
152.00
151.50
150.00
152.00
151.50
150.00
155.00
151.50
151.00
151.00
152.00
149.00
147.00
150.00
516.50
511.00
493.50
480.00
484.50
471.00
469.50
470.00
465.00
470.00
462.00
459.50
461.00
456.00
465.00
454.50
463.00
451.00
454.00
454.00
451.50
449.00
452.50
453.50
443.50
453.50
451.00
452.50
456.00
456.00
448.50
447.00
462.00
453.00
445.50
444.50
449.50
445.50
454.00
457.00
448.50
446.50
442.00
446.00
454.00
442.00
446.00
446.00
443.00
441.50
458.50
442.50
440.00
436.00
441.50
451.00
438.00
439.50
448.00
436.00
446.50
443.00
444.50
437.50
440.00
437.50
444.00
441.50
440.50
438.50
440.00
440.00
438.00
434.50
435.50
436.00
442.50
440.00
436.00
439.00
438.50
435.50
441.00
424.00
436.50
432.50
443.00
429.50
439.00
433.00
431.00
436.00
436.50
438.50
432.00
439.50
435.50
432.50
442.50
434.00
435.00
434.50
432.00
433.50
433.00
434.50
432.50
428.50
440.00
432.50
434.50
428.50
419.00
150.00
156.50
152.00
166.50
163.50
164.50
163.00
161.00
162.00
165.00
167.50
166.00
164.00
160.50
163.00
167.00
161.00
160.50
176.00
164.50
160.00
168.50
165.50
166.00
163.00
157.50
158.50
162.00
161.00
162.50
165.50
170.00
167.50
161.50
161.00
157.00
155.00
151.50
152.50
153.00
154.00
161.00
153.50
155.00
150.00
151.50
152.00
151.50
153.50
153.50
158.50
153.00
153.00
151.50
153.50
152.00
160.50
151.00
151.50
150.50
152.50
151.00
151.50
154.00
154.50
159.50
153.00
153.00
153.00
151.00
153.50
150.50
149.00
153.00
150.50
151.50
154.50
151.00
153.00
151.00
156.00
157.00
151.00
154.50
149.50
150.50
154.50
152.00
153.00
152.50
154.00
152.00
163.00
152.50
151.00
150.00
151.50
152.50
152.00
151.00
155.00
153.00
152.50
153.50
154.50
152.00
154.00
152.00
160.00
152.00
152.00
152.00
158.00
152.00
152.00
152.00
150.50
151.00
152.00
151.50
150.50
152.00
152.50
152.00
151.50
154.00
526.50
510.50
491.00
477.00
478.00
477.00
472.00
466.00
460.00
471.00
459.50
463.00
463.50
464.00
460.50
458.50
461.50
451.00
449.00
449.50
447.00
453.00
455.50
451.00
454.50
449.50
452.50
450.00
452.50
455.50
452.00
450.00
444.50
451.00
444.00
450.50
447.00
448.50
442.50
442.00
441.00
447.50
445.50
441.00
442.50
442.00
447.00
441.50
440.50
441.00
442.00
444.50
442.00
448.00
433.00
447.00
441.00
445.00
442.50
437.50
437.00
438.00
436.50
441.00
442.00
441.50
439.00
443.50
441.00
437.00
433.00
434.50
439.00
440.00
440.00
436.00
437.00
436.50
444.50
439.00
439.00
436.50
439.50
436.00
439.00
438.00
435.00
433.50
438.00
432.50
432.00
432.50
435.50
432.50
437.50
433.00
435.00
431.00
427.50
431.50
434.00
429.00
431.00
432.00
436.50
431.00
436.00
439.50
439.00
425.50
428.00
424.00
427.00
165.00
167.50
166.00
163.50
166.00
163.50
164.00
162.50
163.50
162.00
166.00
157.00
166.00
155.00
162.50
163.00
164.50
164.00
165.50
162.00
164.50
165.50
158.50
162.00
162.00
166.00
156.50
152.50
152.00
151.00
153.00
157.50
150.50
152.50
152.00
151.00
156.00
151.00
151.00
149.50
151.50
154.50
152.50
153.00
154.50
152.00
154.00
153.50
157.00
152.00
150.50
154.50
154.00
149.50
153.00
151.50
150.00
152.50
151.50
153.00
151.00
155.50
150.00
151.50
154.50
150.50
150.50
151.00
152.00
154.50
155.00
154.50
152.00
154.50
152.50
153.50
153.50
151.00
152.00
152.50
151.00
152.50
151.00
152.00
151.00
153.50
149.00
151.50
150.50
151.00
151.50
151.50
150.50
151.50
151.00
150.00
160.50
152.00
150.50
153.50
154.50
154.50
154.00
153.00
155.50
155.00
150.00
153.00
151.00
150.00
150.50
151.00
152.50
151.50
155.00
149.00
151.00
149.50
150.00
151.00
155.00
150.50
151.50
153.50
152.50
152.00
154.00
533.00
518.50
500.00
482.50
484.50
477.00
473.50
472.50
462.50
468.00
456.50
455.00
459.50
460.00
458.00
461.50
457.00
453.00
458.00
456.50
453.50
457.00
457.00
458.50
452.50
447.50
451.50
452.50
454.00
462.00
446.00
447.00
447.50
442.00
446.00
445.50
445.50
449.00
450.00
446.50
444.00
443.00
444.50
447.00
441.50
451.50
439.00
443.50
443.50
441.00
439.50
442.00
446.00
434.00
440.50
441.50
436.50
440.00
443.00
449.50
440.00
436.00
440.00
441.00
436.50
437.50
438.00
435.00
437.00
438.50
435.00
446.00
435.00
441.50
436.00
440.50
443.50
439.50
433.50
439.50
436.00
440.50
438.00
432.00
433.50
437.50
433.00
433.50
436.50
433.00
434.50
436.00
439.00
444.00
435.50
431.00
447.00
444.00
452.50
444.00
445.50
452.00
447.00
446.00
446.50
440.00
434.00
434.00
422.50
436.00
427.50
428.50
427.50
423.50
417.50
160.50
159.50
161.00
160.00
157.50
155.00
163.00
164.00
159.00
165.00
163.50
161.50
165.00
164.50
152.50
151.50
161.00
153.00
164.00
159.50
153.50
152.00
153.50
151.50
153.50
152.00
153.00
152.00
151.00
154.00
152.50
158.00
152.00
159.50
167.50
166.50
183.00
166.00
168.00
169.50
163.00
160.50
162.50
165.50
166.00
162.50
164.50
160.50
171.00
161.00
164.00
170.00
169.50
167.00
171.00
168.00
168.50
170.00
168.00
166.00
162.50
163.00
162.50
164.50
164.50
165.50
167.00
163.50
168.00
166.00
167.50
167.00
184.00
171.00
167.00
187.50
189.50
181.50
186.00
186.00
171.50
172.00
180.50
192.50
184.00
182.50
179.00
164.00
165.00
164.00
169.00
183.00
182.00
173.00
188.00
180.50
180.00
185.00
182.50
195.00
203.00
186.00
179.00
187.50
181.00
177.00
179.00
185.00
181.00
165.00
166.50
168.50
167.50
171.50
175.00
165.00
180.50
186.50
185.50
184.00
186.50
184.50
180.00
172.50
170.50
169.50
166.00
527.50
534.00
512.00
497.00
651.50
644.00
639.50
633.00
648.00
637.00
619.50
607.00
609.50
609.00
610.00
608.00
608.00
607.00
610.50
604.00
606.00
601.50
605.00
604.00
601.00
600.00
605.00
600.00
596.50
597.00
600.00
595.00
595.00
597.00
600.50
601.00
601.00
598.50
593.50
595.00
597.50
588.00
600.50
585.50
591.50
591.00
591.50
586.00
585.50
587.00
585.00
589.50
588.50
591.50
582.50
584.00
581.50
586.00
591.00
585.00
582.00
582.50
578.50
585.50
581.50
583.50
584.50
580.00
579.00
579.00
585.00
582.00
578.50
586.50
579.50
584.00
582.00
580.00
581.00
580.50
580.00
580.50
579.00
583.50
592.50
594.50
599.50
594.50
597.00
592.50
599.00
597.50
601.00
591.00
600.00
589.50
593.50
447.00
439.00
442.00
447.50
439.00
436.00
429.50
431.00
421.00
429.50
424.50
421.00
415.00
420.50
415.00
410.50
411.00
410.00
147.00
146.00
146.00
139.00
143.00
143.00
142.50
274.00
142.50
142.00
145.00
143.50
148.00
144.50
144.00
142.50
144.00
144.00
146.50
149.50
151.00
142.00
146.00
153.00
152.00
150.00
149.00
151.50
151.50
155.00
157.50
166.00
159.00
152.00
159.00
154.50
155.00
160.50
152.50
158.50
154.00
156.00
154.50
153.50
155.00
153.50
156.00
162.00
155.00
153.50
158.50
153.00
154.00
154.50
158.50
154.50
155.50
158.50
156.00
153.00
153.00
160.00
158.50
158.00
537.00
525.50
500.00
494.50
488.00
479.00
473.00
625.00
623.50
615.50
626.50
617.50
615.00
621.50
615.50
606.00
615.50
614.00
611.00
611.00
608.00
608.00
607.00
611.00
605.50
621.50
607.00
614.00
615.50
608.00
597.00
599.50
597.00
615.00
593.00
599.00
597.50
595.00
592.00
593.00
601.00
588.00
588.50
589.50
585.50
593.00
593.50
588.50
591.00
592.50
592.00
594.50
595.50
590.00
590.50
591.00
591.50
589.00
594.50
589.00
585.00
584.50
587.50
586.50
593.50
584.50
583.50
586.50
585.50
588.50
584.50
581.00
583.50
584.50
577.50
582.00
587.50
580.00
584.00
584.00
589.00
582.00
582.00
592.00
587.00
580.00
580.00
579.50
578.50
583.00
583.50
578.50
576.50
579.00
577.00
576.00
587.50
575.00
571.00
568.00
560.00
564.00
564.50
566.50
559.00
562.00
561.50
558.50
553.50
561.50
555.50
552.00
556.50
556.50
548.00
550.00
579.50
594.50
608.00
630.00
628.50
623.00
626.00
618.00
365.00
215.00
222.50
220.00
220.00
221.00
221.00
374.50
379.00
220.00
221.00
220.00
228.50
228.00
227.50
155.50
153.50
154.00
152.50
156.00
154.50
158.00
154.00
152.00
156.50
149.00
154.50
150.00
145.00
157.50
158.00
160.00
156.50
152.00
156.50
151.00
154.00
153.00
152.50
161.00
157.00
158.00
153.00
151.50
152.50
149.00
145.50
143.00
145.00
144.00
142.50
149.00
153.00
144.50
145.50
144.50
148.00
145.00
142.50
143.00
144.00
147.00
144.00
143.50
146.50
146.00
140.50
142.50
143.50
146.00
145.50
143.50
142.00
145.00
141.50
140.00
140.00
146.50
142.50
134.00
143.00
141.00
146.00
142.00
144.50
144.50
142.00
147.50
144.50
142.50
147.50
144.00
142.00
141.00
145.00
144.50
143.00
142.50
142.50
142.50
142.50
144.00
141.50
149.50
141.50
144.00
150.00
140.50
143.00
142.50
144.50
144.00
142.50
149.00
143.50
144.00
146.50
143.50
142.00
145.00
140.50
143.00
141.50
141.50
486.50
511.00
499.00
469.00
465.50
466.50
466.00
452.00
454.00
458.50
457.50
454.50
451.50
451.50
451.50
451.50
445.50
448.50
448.50
442.50
442.00
441.50
443.50
442.50
437.00
438.00
448.00
441.50
442.00
441.00
441.50
443.00
448.00
439.50
440.00
442.00
435.50
434.50
439.00
442.00
441.00
437.00
439.50
434.00
432.50
441.00
434.00
433.00
439.50
432.00
431.00
434.00
432.50
434.50
436.00
433.50
432.00
425.00
432.00
436.00
431.00
429.00
433.50
437.00
423.50
436.50
434.50
432.00
428.00
432.00
430.00
423.00
424.50
430.00
422.50
439.50
433.00
428.00
429.50
430.50
427.00
430.00
425.50
427.00
437.00
429.50
428.00
433.00
427.50
423.00
425.00
430.00
432.50
425.00
429.50
429.00
427.50
419.50
426.00
430.00
422.00
427.00
418.50
422.00
423.50
422.50
418.00
415.50
416.50
411.50
408.00
404.00
402.50
401.00
396.00
402.50
403.50
403.00
408.50
416.00
408.50
161.00
151.50
155.50
153.00
154.00
158.00
157.00
158.50
155.50
155.50
157.50
152.50
154.50
157.00
156.50
153.00
155.00
149.50
155.00
158.50
149.50
148.00
154.00
149.00
157.50
159.50
151.50
147.50
154.50
153.50
144.50
142.00
150.00
140.00
146.00
146.50
153.50
141.00
143.50
144.00
146.00
144.00
144.00
144.00
141.50
151.50
143.00
144.50
139.50
148.00
148.00
146.00
146.00
146.00
144.00
145.50
143.00
145.00
144.50
141.50
146.00
142.00
152.50
141.50
142.00
143.00
141.00
141.50
145.00
144.00
141.50
139.50
140.50
142.00
144.00
143.50
143.00
142.50
143.50
147.50
142.50
143.50
148.00
142.00
140.00
143.00
146.00
140.00
140.00
140.00
141.50
140.00
145.50
142.50
147.00
144.00
140.00
144.50
143.00
142.00
145.00
143.00
145.50
141.50
143.50
143.50
142.00
142.50
144.50
144.50
142.00
143.50
145.00
142.00
141.00
141.50
140.00
141.00
147.00
143.00
145.00
141.50
144.50
143.00
144.00
143.50
513.00
506.50
491.00
477.50
465.00
466.00
464.00
470.50
457.50
454.00
452.50
442.50
456.00
449.00
449.00
448.00
444.00
446.50
448.50
444.00
444.00
446.00
444.00
445.50
442.50
442.50
446.00
439.50
445.50
438.00
443.50
445.00
440.00
437.50
437.50
437.50
434.00
434.00
430.00
444.00
436.00
435.50
434.00
434.50
432.00
437.50
434.00
439.00
435.00
434.50
432.00
428.00
440.00
434.00
434.00
432.00
438.00
433.00
437.00
432.00
433.50
433.00
425.00
430.00
429.50
426.50
429.00
431.50
431.00
423.50
430.50
426.00
426.00
427.00
430.50
427.00
430.50
437.00
423.50
429.00
431.50
428.00
429.50
429.50
432.00
429.00
427.50
427.00
419.50
424.00
426.50
428.00
427.50
431.00
427.00
431.00
420.00
427.00
424.00
430.00
424.50
425.00
434.00
438.50
432.50
443.50
435.00
437.00
428.00
433.50
433.00
418.50
420.50
420.00
427.00
414.00
421.00
413.00
419.00
415.00
409.00
157.00
152.00
152.00
152.00
149.00
151.00
153.50
152.50
162.50
155.50
152.00
155.00
149.50
155.00
143.00
150.50
144.00
143.50
144.00
149.50
141.50
144.50
144.00
140.50
142.50
143.00
140.50
144.00
146.50
144.00
140.00
142.00
143.00
143.50
141.50
144.50
143.50
142.50
147.50
142.00
145.00
146.50
139.00
143.00
142.50
144.00
141.00
143.00
142.00
140.50
142.00
142.50
145.50
139.50
140.50
144.50
143.00
144.00
139.50
136.00
143.50
149.50
145.00
141.50
146.50
143.50
143.00
143.00
142.50
146.00
141.00
142.00
141.00
144.50
145.00
143.00
145.50
141.00
146.00
144.00
144.00
146.00
145.00
144.00
143.50
144.00
143.00
140.00
153.00
145.00
142.00
146.50
143.50
145.50
143.00
142.00
146.50
143.00
148.00
141.50
143.50
140.00
142.50
139.00
144.50
143.50
142.00
141.50
141.00
143.00
141.50
142.50
143.50
143.50
148.50
145.00
143.50
142.00
145.00
142.00
139.50
143.00
142.00
142.00
507.50
512.00
492.00
485.50
469.00
462.50
459.00
455.00
457.00
456.00
453.00
455.00
453.50
447.50
447.00
451.00
444.50
449.50
443.50
443.50
448.00
450.00
452.00
443.00
444.00
439.50
447.00
451.00
438.50
445.00
442.00
453.50
442.00
439.50
439.00
435.00
435.00
439.00
436.00
438.00
436.50
438.00
436.00
438.00
437.00
435.00
441.50
434.00
434.00
437.00
430.50
433.00
440.00
437.00
437.50
429.00
431.00
431.50
436.50
431.50
439.50
433.00
432.50
438.00
431.00
430.50
433.00
428.50
441.50
440.00
433.00
433.00
433.50
432.50
433.50
427.50
439.00
430.00
434.00
437.50
434.50
437.00
432.50
429.00
427.50
423.00
429.00
431.00
434.50
436.00
438.00
433.00
447.50
437.00
439.00
437.00
438.50
443.00
436.00
446.50
449.50
437.00
438.50
438.00
444.50
439.00
440.00
431.00
437.00
439.50
438.00
435.50
438.00
433.00
438.00
423.00
433.50
427.00
426.00
417.00
405.50
409.50
402.00
144.50
146.50
153.50
149.00
146.50
146.50
142.50
145.00
148.50
143.00
142.00
145.50
143.00
146.00
144.50
147.50
138.00
143.00
142.50
141.50
142.50
142.00
141.50
140.50
140.00
147.50
141.00
139.50
146.00
148.50
143.50
142.00
145.00
142.50
144.00
142.00
142.00
142.50
145.00
142.00
138.50
145.50
140.00
147.00
148.00
155.50
144.50
143.50
143.50
140.00
144.50
144.00
144.00
145.50
143.00
144.50
144.00
145.50
144.50
143.00
144.00
142.00
142.50
143.50
143.00
144.50
141.00
139.00
141.50
147.00
141.00
145.50
140.00
140.00
147.00
143.00
144.50
144.50
144.50
144.00
144.00
142.50
144.00
141.50
145.00
145.50
144.00
142.00
146.00
141.00
143.00
143.50
141.00
142.50
146.00
146.50
146.50
148.00
142.50
142.00
145.50
146.00
143.00
146.00
144.00
148.00
144.50
144.50
144.00
146.00
146.00
146.50
147.50
144.00
145.00
141.50
138.00
142.00
141.00
139.50
149.50
141.00
147.50
506.50
508.00
490.50
483.50
474.00
466.00
456.00
467.00
462.00
461.00
453.50
460.00
453.00
450.50
454.50
451.00
455.00
453.00
445.00
442.00
441.00
443.00
443.50
447.00
445.00
436.50
435.50
440.50
447.50
453.50
440.50
438.00
438.50
447.00
441.50
434.50
441.50
442.00
435.50
441.00
447.50
434.50
435.00
450.50
441.00
429.50
431.00
436.00
431.50
430.00
433.50
437.50
435.50
437.50
432.50
434.50
434.00
436.00
433.00
432.00
429.00
432.50
432.50
433.00
433.50
435.00
439.00
433.50
435.50
434.00
437.50
442.00
443.00
438.50
442.50
444.50
442.00
438.00
437.00
442.00
438.50
440.00
442.00
435.00
442.00
431.00
434.00
441.00
438.00
435.50
430.50
436.00
435.00
441.00
438.50
438.00
437.00
438.50
443.50
428.50
437.00
433.50
432.50
434.00
429.00
429.00
428.00
427.50
426.00
433.50
431.00
426.00
424.00
426.50
434.00
418.50
429.00
423.50
419.00
421.50
414.00
412.00
414.50
409.50
401.00
407.00
142.50
141.00
140.00
148.00
142.00
142.00
144.50
141.50
141.50
144.50
148.00
142.00
141.00
142.00
146.50
140.00
145.50
145.00
141.00
143.00
143.50
145.50
147.00
151.00
145.00
141.00
145.50
142.50
143.50
139.50
141.00
142.00
146.50
145.50
141.50
140.00
143.00
141.00
140.00
145.00
140.00
140.00
144.50
144.00
146.50
144.00
147.50
145.50
143.00
145.50
144.50
143.00
141.00
144.00
143.50
141.00
149.00
141.50
142.00
141.50
143.00
146.00
144.50
142.50
144.00
144.00
148.00
144.00
143.00
145.50
143.00
141.50
144.00
142.50
146.00
143.50
149.50
144.00
139.50
144.50
142.50
141.50
142.00
141.00
144.50
143.50
144.50
142.50
149.00
144.00
142.00
145.00
145.50
142.50
142.50
143.50
143.50
144.50
147.00
147.50
142.00
145.00
143.50
142.00
144.50
142.00
146.00
143.00
142.50
142.50
142.00
149.00
145.00
144.00
141.00
142.00
144.50
143.00
148.00
155.00
154.00
150.50
522.50
512.00
497.00
479.00
486.50
466.00
465.00
472.50
458.50
453.00
455.00
454.50
452.50
446.00
462.00
449.00
442.00
450.00
450.50
451.50
450.50
456.00
450.00
444.00
449.50
447.50
444.00
446.50
445.00
441.00
446.00
444.50
439.00
446.00
442.00
443.00
438.50
434.00
437.00
435.00
439.00
438.50
444.50
443.00
435.00
437.00
440.50
443.00
436.00
435.50
441.00
432.50
440.50
435.00
440.50
447.00
445.00
448.00
446.50
447.00
445.50
438.00
446.50
443.50
447.00
443.50
447.50
448.00
436.00
446.00
444.50
436.00
448.50
443.50
440.50
443.50
441.50
439.50
435.00
446.00
442.50
446.00
422.00
455.50
433.00
444.00
441.00
430.50
439.50
430.50
424.50
429.00
426.50
437.50
430.50
433.00
430.50
434.50
434.00
430.50
429.00
432.00
428.50
428.50
421.50
426.00
435.50
438.50
426.00
427.50
423.50
426.50
430.00
426.00
420.00
421.50
424.00
423.50
420.50
424.50
415.50
423.00
405.00
410.50
406.00
403.00
404.50
405.00
401.50
142.00
143.00
141.50
148.00
146.00
143.00
144.50
146.00
149.50
144.00
144.00
144.00
144.00
143.00
145.00
142.00
141.00
142.50
142.00
144.00
145.50
144.00
138.50
146.00
140.50
143.00
146.00
144.50
143.00
138.00
145.00
140.00
144.00
142.50
145.50
143.00
144.50
144.00
144.50
142.50
147.50
142.50
141.50
144.00
144.50
144.00
142.00
144.50
144.50
140.50
147.00
142.50
140.50
145.00
146.50
143.00
143.00
143.00
146.00
144.50
148.00
142.50
144.50
144.00
145.00
144.50
145.50
144.00
144.00
144.00
144.00
143.50
141.50
144.50
142.00
144.00
142.50
139.00
144.00
136.00
141.00
142.50
140.50
145.50
142.50
143.00
145.00
144.50
146.00
144.00
141.00
143.00
142.50
143.00
143.50
141.50
140.50
141.50
142.50
143.00
141.50
142.00
141.50
140.50
143.50
144.00
141.50
142.50
142.50
148.50
146.00
143.00
144.50
143.00
151.00
152.00
151.50
149.00
154.50
145.50
531.00
525.00
496.00
482.50
470.50
464.50
462.50
457.50
458.50
451.00
452.00
458.50
451.00
451.50
453.00
453.50
446.50
452.50
447.50
447.00
449.00
445.50
445.50
441.50
442.00
439.00
430.00
438.00
437.00
442.50
437.50
444.50
441.50
438.50
442.00
436.50
440.50
449.50
448.00
453.50
454.00
453.00
450.50
440.00
459.00
444.00
453.50
448.00
439.50
453.00
443.50
456.50
453.00
445.00
445.00
442.00
446.50
437.00
443.50
443.00
446.50
438.00
440.50
439.50
447.00
438.50
448.50
444.50
438.00
432.50
434.00
431.50
427.00
436.00
436.00
439.00
429.00
429.00
426.50
430.50
432.00
426.50
425.00
434.00
423.50
427.00
428.00
430.00
429.00
416.50
433.00
426.00
425.00
438.00
427.50
437.00
430.00
431.00
438.00
427.50
429.00
430.00
429.50
431.50
429.50
427.50
426.00
427.00
425.50
424.00
421.00
425.00
424.50
426.00
421.00
425.50
431.00
425.00
425.00
425.00
423.00
423.00
424.50
418.00
418.50
416.00
406.00
414.50
409.00
407.00
406.00
413.50
401.50
398.50
145.50
143.00
141.50
144.00
144.00
143.00
140.50
146.50
141.00
141.50
143.50
146.50
143.00
145.00
144.00
143.50
142.50
143.00
145.00
144.00
144.50
144.50
141.00
142.50
148.50
142.00
142.50
146.50
142.50
143.00
144.00
143.50
143.50
141.50
144.00
143.50
143.00
139.00
144.00
141.50
144.00
144.00
142.50
146.00
144.50
145.50
144.00
142.50
142.50
144.00
144.50
143.50
142.50
140.00
141.50
141.50
145.00
146.00
141.00
142.50
141.00
147.00
144.00
142.50
143.50
142.00
145.50
148.00
149.00
144.50
143.50
146.50
146.00
146.00
145.00
144.50
144.00
145.50
141.50
143.50
145.50
143.50
145.50
148.00
144.50
141.00
144.00
144.50
143.50
146.00
149.00
146.00
144.50
148.50
142.50
145.00
147.50
145.00
146.00
145.50
144.00
143.00
142.50
149.00
143.50
145.00
145.50
144.00
144.00
144.50
156.00
150.50
150.00
151.00
150.00
149.50
152.00
154.50
152.00
534.50
508.50
498.50
486.00
487.00
464.50
465.00
470.00
460.00
462.50
453.00
458.00
455.50
451.00
457.00
462.50
462.50
457.00
462.50
466.00
466.50
457.00
455.50
449.00
460.50
461.00
456.50
468.50
453.00
457.00
459.00
457.50
459.50
456.00
460.50
447.00
453.00
452.00
455.00
450.00
451.00
445.00
460.00
448.50
456.00
449.00
440.00
444.00
430.50
441.50
436.50
438.00
437.50
449.50
435.50
435.50
437.00
437.50
436.50
438.00
435.50
429.50
429.00
436.00
430.50
430.00
434.00
429.00
430.00
434.50
433.50
431.50
431.50
441.00
426.00
430.50
435.00
430.00
432.00
433.00
430.00
427.50
429.50
437.50
429.00
426.50
435.00
425.50
426.50
430.00
429.50
429.00
424.50
431.00
429.00
427.00
436.00
422.00
423.00
431.00
425.00
423.50
428.00
428.50
424.50
426.50
430.50
434.50
425.00
439.00
426.00
428.50
421.50
426.50
427.50
432.50
429.50
422.00
424.50
428.00
427.00
423.50
423.50
414.00
411.00
413.00
409.50
407.50
407.00
409.50
403.50
402.50
406.50
404.00
406.00
404.50
405.50
142.50
145.50
147.50
140.50
145.00
2374.50
2701.50
2692.50
2626.00
2588.00
2560.00
2569.50
2611.50
2762.00
2657.50
2677.50
2687.00
2684.50
2692.50
2696.50
2697.00
2709.50
2704.00
2714.00
2715.00
2711.00
2713.00
2723.50
2713.50
2708.00
2709.00
2715.50
2705.50
2697.00
2701.00
2710.00
2707.50
2712.00
2717.00
2713.50
2715.50
2719.00
2724.50
2718.00
2725.00
2720.00
2719.00
2707.00
2719.00
2712.00
2724.50
2724.00
2717.50
2713.00
2714.00
2715.50
2703.00
2699.50
2705.00
2704.00
2704.50
2714.50
2693.00
2696.00
2691.00
2706.00
2694.50
2693.00
2692.50
2692.00
2687.50
2688.00
2687.50
2689.00
2687.50
2673.00
2683.00
2690.50
2679.50
2682.00
2871.50
3067.50
3036.50
3015.00
3003.00
3000.50
2999.50
2992.50
2993.00
2983.50
2995.00
2989.00
2986.50
2988.50
2990.00
2990.50
2993.00
2979.00
2988.00
2978.50
2978.00
2985.50
2979.00
2976.00
2985.00
2974.00
2971.50
2969.00
2976.00
2975.50
2973.50
2979.50
2982.00
2969.50
2976.50
2975.00
2966.00
2959.00
2968.50
2962.50
2958.00
2964.50
2959.00
2958.50
2956.50
2963.50
2940.50
2948.00
2949.00
2937.50
2932.50
2936.00
2931.50
2940.50
2933.50
2932.00
2936.50
2932.00
2926.00
2916.50
2925.00
2923.00
2926.00
2912.50
2917.50
2922.00
2921.00
2925.50
2918.00
2924.00
2920.00
2914.00
2913.00
2914.00
2912.00
2910.50
2918.50
2918.00
2908.50
2912.00
2902.50
2910.00
2908.50
2900.50
2908.00
2905.00
2902.50
2900.50
2901.00
2901.50
2903.00
2901.50
2901.00
2900.50
2897.00
2905.00
2904.00
2901.50
2898.00
2901.00
2900.00
2904.00
2908.00
2899.50
2899.00
2899.50
2903.00
2899.50
2892.50
2888.00
2896.50
2893.00
2887.00
2896.50
2892.00
2889.50
2897.00
2884.50
2878.00
2870.50
2872.50
2860.00
2859.00
2870.00
2860.50
2859.50
2860.50
2854.00
2861.00
2849.00
2856.50
2855.00
2853.50
2846.00
2851.00
2851.50
2845.00
2842.50
2710.50
2583.00
2589.00
2582.50
2615.50
2648.00
2647.00
2645.00
2645.50
2639.00
2640.00
2638.50
2641.50
2642.00
2640.50
2634.00
2636.00
2639.50
2633.50
2631.50
2632.50
2631.00
2637.50
2629.50
2635.50
2629.00
2635.50
2631.00
2634.50
2633.50
2637.00
2635.00
2632.50
2632.50
2636.50
2881.50
2755.50
2626.50
2671.00
2672.50
2667.50
2670.50
2672.00
2670.00
2668.50
2656.00
2967.50
2970.50
2966.00
2957.00
2951.00
2953.50
2950.00
2950.00
2947.50
2941.00
2931.00
2934.00
2931.50
2927.50
2927.00
2927.50
2918.50
2916.50
2919.00
2914.50
2921.00
2917.00
2922.50
2913.50
2912.00
2918.00
2911.50
2910.50
2915.50
2913.50
2907.50
2911.00
2905.50
2906.50
2899.00
2909.50
2903.00
2904.50
2901.00
2900.00
2903.00
2904.00
2897.50
2902.00
2906.00
2903.00
2896.00
2902.00
2908.00
891.00
922.00
978.00
781.00
600.00
603.50
612.00
604.00
601.50
605.50
608.00
604.00
607.00
607.50
601.50
598.50
607.00
601.00
595.00
601.50
597.00
613.00
600.50
559.50
561.00
551.50
568.50
566.00
568.00
569.50
568.50
570.50
568.50
571.00
573.00
566.50
566.00
561.00
566.50
562.50
565.00
563.50
568.50
564.00
579.50
566.00
562.00
567.00
554.00
564.50
568.50
558.50
559.00
561.50
555.00
562.00
558.00
554.00
555.50
545.50
544.00
546.00
539.00
536.50
540.00
537.50
523.50
521.00
526.00
524.00
515.00
520.00
519.50
517.00
516.00
525.00
517.50
521.00
517.50
516.00
516.50
511.00
515.00
258.00
257.00
256.00
257.50
258.00
257.00
254.50
254.00
259.00
255.00
255.50
258.00
259.00
255.50
255.50
254.50
255.00
252.50
256.00
256.00
257.00
254.50
259.50
255.50
256.00
256.50
260.50
256.00
256.50
256.00
257.50
254.00
256.50
256.50
256.00
260.50
261.00
256.50
262.50
255.00
257.00
253.50
253.00
259.00
259.00
258.00
269.00
258.00
262.00
255.50
260.00
258.00
256.00
256.50
262.00
256.50
259.00
254.00
252.00
260.50
260.50
257.00
255.00
257.00
255.50
256.00
254.50
255.50
257.50
258.50
263.50
260.50
257.00
258.00
260.50
257.00
260.00
257.00
256.00
255.50
254.50
252.00
253.50
260.00
251.50
250.50
249.50
248.00
251.00
250.50
246.00
248.50
249.00
245.00
248.00
245.50
246.00
250.50
248.00
250.00
245.50
250.00
247.50
244.00
244.50
247.50
256.00
248.00
243.00
249.00
249.00
244.50
248.50
250.00
247.50
247.50
250.00
245.00
245.50
255.50
610.00
606.00
587.50
581.00
572.50
566.00
560.50
569.50
560.00
564.50
559.00
551.50
558.50
552.50
553.00
551.00
554.50
554.00
553.00
549.00
564.00
549.00
548.00
550.50
545.50
545.50
542.00
549.00
545.50
543.00
541.00
550.00
548.00
537.50
536.50
559.00
535.00
535.00
533.50
530.50
528.50
530.00
537.00
525.00
529.00
534.50
528.00
536.50
533.50
522.00
527.00
523.50
538.50
526.00
531.00
539.50
537.50
529.00
533.00
536.00
528.00
534.00
536.00
531.00
535.00
527.50
527.50
532.00
525.00
540.50
532.50
530.00
530.00
522.50
522.00
527.00
521.50
523.50
530.00
525.00
523.00
531.00
531.00
531.00
531.00
512.50
514.00
509.50
511.50
515.50
505.00
507.50
513.00
485.50
505.00
512.50
507.00
490.50
507.50
512.00
561.50
504.50
570.00
495.00
505.00
505.00
503.00
500.00
500.00
505.00
504.50
501.00
526.00
501.00
500.00
501.50
501.50
500.00
503.50
500.00
497.00
496.50
217.50
216.50
219.50
217.50
213.00
209.50
215.00
209.00
211.50
212.50
216.00
214.50
215.00
219.00
214.00
217.50
215.00
213.00
215.00
212.50
219.50
214.50
211.00
229.00
212.00
209.50
216.00
209.50
213.00
213.00
213.00
216.00
211.00
212.00
213.50
215.00
226.50
214.00
211.50
212.50
213.00
209.50
209.00
212.00
209.00
212.00
211.00
210.00
210.50
213.00
211.00
210.00
208.00
213.00
209.50
208.50
201.00
205.00
215.50
211.00
205.50
209.00
206.00
211.00
207.00
207.00
206.50
206.50
208.00
209.00
208.00
205.50
206.00
210.50
205.00
209.00
210.50
207.00
206.00
205.50
201.00
205.00
207.00
206.00
206.50
206.50
211.00
203.00
204.50
207.00
207.50
206.00
205.50
210.50
207.50
206.00
211.00
206.50
204.50
208.50
203.50
204.00
208.50
203.50
207.00
203.50
201.50
201.00
203.00
209.00
203.00
203.50
211.00
207.00
211.00
215.00
215.50
566.50
582.50
562.50
541.00
531.00
529.50
527.50
527.50
533.50
525.00
519.00
526.00
514.00
512.50
512.00
518.00
507.00
512.00
504.50
512.50
510.50
507.00
512.50
499.50
507.50
504.50
502.50
501.50
504.50
503.50
515.50
498.00
502.50
494.50
499.50
496.00
488.00
506.00
497.50
494.50
494.00
489.00
499.00
493.50
489.50
500.50
507.00
504.50
506.00
510.50
500.00
508.00
511.00
505.50
497.00
506.50
496.00
500.00
509.00
510.00
508.50
503.00
502.50
506.00
505.50
497.50
498.50
502.50
494.50
496.50
500.50
500.50
494.50
502.00
500.50
496.50
494.00
498.00
494.50
485.50
493.00
481.00
489.00
489.00
485.00
491.50
488.00
489.00
489.50
488.00
483.50
488.00
495.00
486.50
484.50
483.50
488.00
490.00
488.00
488.00
489.00
485.50
483.00
499.00
487.50
2682.50
3014.00
2992.00
2934.00
2886.50
2862.00
2865.00
2873.00
2902.00
2920.50
2787.50
2808.00
2817.00
2836.00
2844.00
2842.00
2842.50
2849.50
2570.00
2570.50
2584.00
2573.00
2567.50
2577.00
2575.00
2570.50
2576.00
2581.50
2575.00
2576.00
2577.00
2576.00
2574.50
2580.00
2574.50
2574.00
2580.50
2576.50
2571.50
2569.00
2572.00
2573.00
2572.50
2567.50
2563.00
2559.00
2556.50
2562.50
2555.50
2558.50
2569.00
2562.00
2561.50
2566.50
2562.00
2565.00
2571.00
2566.00
2564.50
2566.50
2562.00
2559.50
2559.50
2563.00
2561.00
2564.00
2558.00
2560.50
2558.00
2559.50
2562.00
2560.00
2558.00
2560.50
2558.00
2560.00
2561.50
2561.50
2562.50
2559.00
2556.50
2556.00
2552.00
2545.00
2550.00
2555.00
2552.00
2553.00
2557.50
2545.00
2540.50
2549.00
2552.00
2550.50
2546.00
2549.50
2548.50
2545.00
2557.50
2552.50
2549.00
2548.00
2557.50
2549.50
2542.00
2545.00
2551.00
2547.50
2551.50
2546.50
2546.00
2548.00
2549.00
2541.50
2551.00
2532.50
2536.00
2530.50
2540.50
2530.00
2527.50
2531.50
2527.00
2520.50
2527.00
2526.50
2525.00
2523.00
2536.50
2536.00
2524.00
2528.00
2526.00
2525.00
2528.50
2524.00
2528.00
2531.00
2894.00
2885.50
2869.00
2848.50
2844.00
2837.50
2837.00
2834.00
2830.00
2821.00
2830.50
2836.50
2821.00
2834.00
2829.50
2822.50
2824.00
2830.00
2823.50
2838.00
2823.00
2817.50
2823.00
2822.00
2826.50
2822.50
2827.50
2820.00
2820.50
2815.50
2812.50
2813.50
2820.00
2824.50
2811.00
2832.50
2827.00
2821.50
2818.00
2822.50
2823.50
2821.50
2820.00
2818.00
2814.00
2819.50
2825.00
2812.50
2805.50
2816.50
2817.00
2809.00
2814.50
2807.50
2806.00
2810.00
2808.00
2804.00
2811.50
2804.00
2808.00
2804.50
2798.00
2807.00
2799.50
2799.50
2789.50
2793.00
2794.50
2795.00
2789.50
2795.00
2794.50
2769.50
2775.00
2772.50
2776.50
2776.00
2777.00
2767.00
2764.00
2769.50
2763.00
2761.50
2769.50
2759.00
2766.50
2770.00
2775.00
2769.50
2773.00
2765.00
2772.00
2768.00
2772.00
2772.50
2776.50
2781.00
2776.50
2777.00
2776.50
2774.50
2765.50
2760.50
2760.00
2749.50
2750.50
2742.00
2749.00
2754.00
2750.50
2746.00
2491.50
2487.00
2488.50
2486.00
2484.00
2482.50
2487.00
2480.50
2481.50
2488.00
2481.00
2486.50
2486.50
2482.50
2484.50
2485.00
2485.00
2484.00
2487.00
2483.50
2483.00
2476.50
2468.00
2471.50
2469.00
2467.00
2463.50
2465.50
2468.50
2467.50
2466.00
2468.50
2465.50
2466.50
2468.50
2467.50
2474.00
2468.00
2470.00
2464.50
610.50
613.50
620.50
410.00
198.00
203.50
200.50
202.00
205.50
202.50
201.00
199.50
201.50
200.00
197.00
201.50
202.50
200.50
201.00
197.50
199.00
202.50
198.00
198.00
198.00
199.50
201.50
197.00
204.00
201.00
198.50
202.00
204.00
197.00
200.00
200.50
201.50
2530.00
2571.00
2558.00
2505.00
2442.50
2409.00
2431.50
2456.50
2473.50
2483.50
2491.50
2495.00
2495.00
2505.50
2510.00
2502.00
2505.50
2511.00
2505.50
2507.00
2498.00
2503.50
2507.00
2496.00
2499.00
2499.00
2496.50
2497.50
2496.50
2487.50
2493.50
2486.50
2486.50
2486.50
2485.50
2480.00
2490.00
2490.00
2485.50
2483.50
2484.00
2481.50
615.50
611.50
613.50
201.00
201.00
199.50
200.50
200.00
203.00
201.00
199.50
202.00
197.50
561.00
559.50
541.50
526.00
526.50
519.50
513.00
514.50
513.00
510.00
503.50
507.00
503.50
501.00
505.00
508.50
507.50
508.00
515.00
513.00
511.50
511.50
518.00
510.00
511.50
509.50
508.00
508.00
2342.00
2829.00
2842.00
2824.00
2771.00
2720.50
2709.50
2735.50
2745.00
2754.50
2770.00
2782.50
2792.50
2795.50
2793.00
2787.50
2785.00
2787.50
2794.50
2790.50
2784.50
2792.50
2784.50
2784.50
2777.50
2777.00
2782.00
2774.50
2763.00
2769.00
2816.00
2770.00
2765.00
2757.50
2770.50
2763.50
2765.00
2762.00
2755.00
893.50
902.50
893.50
489.00
486.00
500.50
487.00
485.00
482.50
493.50
488.00
477.50
475.50
470.00
472.50
466.50
465.00
466.00
464.00
469.00
461.50
456.50
456.50
459.50
460.50
455.50
456.50
457.50
455.00
458.00
455.00
203.00
201.00
203.50
202.00
200.50
199.50
203.50
198.00
197.50
199.50
197.00
199.00
198.00
2050.00
2536.50
2540.00
2509.00
2456.00
2418.50
2420.00
2427.50
2439.00
2453.00
2469.00
2480.00
2481.50
2491.00
2497.50
2501.00
2497.00
2495.00
2502.00
2498.50
2508.00
2497.00
2495.50
2496.50
2492.00
2489.00
2491.50
2499.50
2495.00
2489.00
2485.50
2492.50
2485.00
2478.00
2481.50
616.50
617.00
616.00
408.00
205.50
205.00
200.50
200.00
204.50
199.50
196.50
205.00
205.00
196.00
196.50
198.00
198.50
200.00
195.00
199.50
199.50
201.50
197.50
200.50
200.00
202.00
202.50
200.50
201.00
197.50
201.00
208.00
199.00
197.00
200.00
197.50
199.50
198.00
203.50
202.00
198.00
199.00
198.00
197.00
202.50
198.50
195.50
199.50
198.00
208.00
197.50
198.50
201.00
2515.00
2550.50
2541.50
2504.50
2456.00
2425.50
2419.50
2435.50
2455.00
2472.00
2492.50
2498.00
2502.50
2513.00
2516.00
2514.50
2517.50
2523.00
2521.00
2519.00
2513.50
2513.00
2509.50
2508.50
2512.50
2512.50
2510.00
2510.50
2507.00
2513.00
2512.00
2506.00
618.50
616.00
619.50
778.00
556.00
544.50
526.50
519.00
526.50
515.00
512.50
515.00
508.50
510.50
506.00
510.00
508.00
509.00
509.00
519.50
522.00
526.50
517.50
512.00
522.00
514.00
510.50
506.50
517.00
511.00
509.50
517.50
517.00
508.00
507.00
505.50
502.50
513.00
498.00
506.00
506.00
503.50
503.00
503.00
503.00
495.00
498.00
497.50
499.50
491.50
496.50
490.00
492.50
1077.00
2821.00
2830.50
2802.00
2754.00
2736.00
2709.50
2719.00
2725.00
2740.00
2763.50
2763.50
2770.50
2780.50
2793.50
2793.00
2789.50
2795.50
2799.00
2792.50
2791.00
2792.00
2801.50
2792.50
2788.50
2789.50
2781.00
2779.00
2770.00
2761.00
2764.50
2763.00
1817.00
877.50
875.50
874.00
454.00
460.00
455.50
460.50
457.00
460.00
460.50
458.00
203.50
199.50
204.00
201.00
199.50
201.50
202.00
202.50
201.00
206.50
204.00
205.00
204.00
200.50
197.00
202.50
199.00
197.50
201.00
199.00
197.00
197.00
196.50
199.00
199.50
198.50
198.50
198.00
198.50
197.50
198.50
200.00
199.00
199.00
200.50
203.00
198.50
199.50
201.00
200.00
199.00
199.00
199.00
199.00
198.50
205.00
197.00
197.50
201.50
2036.00
2536.00
2531.00
2508.00
2462.50
2424.50
2440.00
2435.00
2453.50
2469.50
2485.00
2492.00
2497.50
2511.50
2516.00
2519.00
2513.00
2516.50
2523.00
2521.50
2514.50
2508.50
2524.00
2513.00
2514.50
2518.50
2516.00
2514.50
2514.00
633.50
627.00
780.50
362.00
356.00
356.50
360.00
355.50
354.00
357.50
357.00
355.50
358.00
354.50
356.00
354.00
356.00
355.00
354.00
354.50
352.50
354.00
353.00
356.50
353.50
352.00
353.00
351.50
352.50
352.00
352.50
354.50
355.00
350.50
353.00
374.00
353.50
354.00
353.50
355.00
350.50
351.00
351.50
352.00
352.50
354.50
353.50
355.00
361.50
357.50
351.50
354.00
356.00
352.00
354.50
350.50
353.50
352.00
529.50
719.00
701.50
688.00
682.00
679.00
672.00
676.00
667.50
664.00
666.50
657.50
663.00
671.50
673.00
665.00
671.00
668.00
673.00
668.50
668.00
667.00
666.00
665.00
670.00
659.00
667.00
658.50
656.50
658.00
663.00
661.50
664.00
653.50
651.00
661.50
672.50
656.00
655.00
655.00
657.50
662.00
653.50
654.50
651.00
653.50
649.00
644.50
641.50
640.00
641.00
640.00
642.00
644.00
640.00
644.50
638.50
639.50
643.50
640.00
640.00
639.00
642.50
638.00
640.00
642.50
637.50
635.00
632.00
639.00
637.00
638.50
634.00
639.50
633.00
641.00
636.50
632.00
630.00
623.00
623.00
617.50
620.50
620.50
618.00
614.50
614.00
612.50
619.00
614.50
612.00
614.50
613.00
613.50
606.00
610.00
356.50
354.00
356.00
358.00
356.00
354.00
354.50
354.50
353.50
354.00
359.00
360.00
357.00
357.00
359.50
355.00
358.00
357.00
353.00
356.50
358.00
353.50
352.00
351.00
354.00
353.50
350.50
358.50
358.00
363.50
360.00
361.50
366.00
362.50
362.00
363.50
360.50
362.50
359.50
363.50
360.00
364.00
362.00
363.50
364.00
363.00
363.50
363.00
363.50
362.00
363.00
363.50
363.50
360.50
363.50
363.00
361.50
359.00
363.00
363.50
362.00
362.00
365.00
362.50
363.00
362.50
361.00
364.00
361.00
361.50
364.00
368.00
364.00
364.50
363.00
366.50
363.50
362.00
360.00
360.50
363.00
369.00
361.00
359.50
369.50
358.50
353.00
354.50
364.00
356.50
359.00
357.50
353.50
352.50
356.00
354.50
354.00
352.50
356.50
355.00
350.50
354.50
352.00
354.00
357.50
356.00
352.50
356.50
355.00
353.50
353.00
357.50
354.00
350.00
358.00
352.50
362.00
357.50
353.00
356.50
355.50
356.00
353.50
355.00
355.00
351.00
354.00
356.50
351.50
352.50
354.00
353.50
354.00
353.50
357.50
708.00
711.00
705.00
690.50
676.00
671.50
670.00
668.00
673.50
665.50
665.00
665.00
663.50
661.50
665.50
669.00
667.00
669.00
672.00
670.00
666.00
664.00
667.00
667.00
666.00
663.50
667.50
664.00
665.00
660.50
666.00
662.50
662.50
659.00
654.00
667.00
660.00
657.00
660.00
649.50
658.50
656.00
664.00
657.00
649.50
659.00
653.50
649.00
643.00
644.00
641.00
640.50
644.00
647.50
639.50
642.00
640.00
634.50
646.50
648.00
655.50
644.50
652.00
649.00
649.00
649.50
648.00
651.00
647.00
656.00
647.00
645.50
649.50
639.00
644.50
644.50
644.00
648.50
645.50
644.50
643.00
644.50
636.00
636.50
636.00
634.00
637.00
636.00
635.50
636.50
636.50
638.00
635.00
642.00
355.00
352.50
354.00
353.50
353.50
363.50
353.00
355.00
352.00
352.00
352.00
351.50
358.00
351.50
351.50
352.00
353.00
353.00
353.00
355.00
353.00
350.50
354.50
350.50
354.00
356.50
354.00
361.50
355.00
356.50
353.00
352.00
356.00
348.00
348.50
351.00
352.00
351.00
353.50
354.50
350.00
351.00
356.50
350.50
350.00
356.00
351.00
354.50
365.50
352.00
355.00
353.50
352.00
354.00
355.00
354.50
155.00
153.00
154.00
318.50
305.00
304.00
306.50
303.00
305.50
304.00
305.00
304.50
306.50
308.50
150.50
152.00
153.00
151.50
152.00
154.00
153.50
154.50
153.50
153.00
150.00
148.00
149.50
151.50
151.50
153.50
151.00
152.00
153.00
150.50
152.50
153.50
150.50
150.00
150.50
150.00
149.50
150.50
150.00
150.50
153.00
153.50
150.50
161.50
153.00
152.00
153.00
157.50
159.50
157.00
149.50
153.00
150.00
150.50
151.00
148.50
151.00
149.50
155.00
150.00
150.00
156.00
150.50
150.00
154.50
153.00
157.50
151.50
152.50
153.50
152.50
155.00
521.50
530.00
501.50
484.50
472.00
468.50
460.50
468.00
476.50
458.50
462.00
462.50
460.50
461.00
456.00
453.00
455.00
457.00
447.50
455.50
457.00
464.50
468.00
465.50
464.00
463.00
460.00
453.50
459.50
465.00
457.00
457.50
460.00
453.50
457.50
457.00
452.50
455.00
455.50
451.50
455.00
461.00
447.50
454.50
451.50
466.50
457.00
451.00
452.00
450.50
449.50
451.50
450.50
463.00
443.50
445.00
436.50
445.00
439.50
438.00
434.00
442.50
440.50
433.00
443.00
434.00
439.50
435.00
440.50
437.50
434.00
442.00
435.00
436.00
436.00
438.00
435.00
440.00
444.50
437.00
433.00
440.50
432.50
432.50
436.50
434.00
427.00
431.50
425.50
418.00
421.00
419.00
417.00
415.00
416.50
410.50
399.00
156.00
153.00
155.50
155.50
154.50
154.50
157.50
155.00
164.00
154.00
150.50
152.00
152.50
154.50
152.50
155.00
152.00
157.00
153.00
151.00
154.50
151.00
150.50
151.50
150.50
150.00
151.00
155.00
151.00
150.00
157.00
152.50
155.50
150.50
161.50
152.00
153.50
155.00
154.00
150.00
150.00
154.00
151.00
155.50
155.00
152.00
152.50
153.00
164.00
150.50
157.00
151.50
151.50
153.00
152.50
154.50
152.50
157.00
158.00
154.00
154.50
153.00
155.50
151.50
157.00
152.50
150.50
150.00
150.50
150.50
150.00
149.00
152.00
150.50
152.00
149.50
150.50
150.50
151.00
153.00
152.50
149.50
152.50
152.00
153.50
152.50
149.50
156.50
153.50
154.00
155.00
152.50
152.00
155.00
153.00
152.50
154.00
151.00
150.00
153.50
155.50
152.50
150.50
150.00
156.00
154.00
153.00
155.50
152.50
303.00
307.00
389.50
388.50
389.50
391.50
392.50
393.50
394.00
385.50
385.50
388.50
387.00
390.00
390.00
387.50
386.50
386.50
391.00
386.00
388.50
388.50
386.50
386.00
384.50
754.00
750.00
729.00
724.00
714.00
710.50
700.50
702.50
699.50
698.00
696.00
699.00
693.50
688.00
692.00
693.50
696.00
693.00
691.50
687.50
691.00
687.00
694.50
700.50
700.00
695.50
692.50
696.50
692.50
695.00
693.00
704.00
687.00
689.00
694.00
694.00
686.50
691.50
692.00
460.00
453.00
456.00
454.50
459.00
457.00
453.50
450.00
454.50
451.00
455.50
453.00
456.00
451.50
447.50
456.00
439.50
451.00
449.00
444.00
444.00
596.50
592.00
590.50
590.00
577.50
578.50
587.50
596.50
579.00
578.50
582.00
576.00
576.00
571.50
582.00
578.00
587.00
578.00
584.00
585.00
591.00
590.50
587.00
586.00
435.00
433.00
434.00
442.50
437.00
439.00
451.50
434.50
426.50
424.00
421.50
414.50
419.00
423.50
426.00
426.00
426.00
428.50
428.00
451.00
432.50
431.50
429.00
426.00
424.00
428.50
431.00
433.00
427.00
430.50
429.50
424.00
428.00
427.00
427.00
427.50
405.50
557.00
555.50
555.50
558.00
549.00
551.00
557.00
549.00
549.00
549.00
546.50
547.50
552.00
549.50
550.50
545.50
553.00
551.00
297.50
297.50
294.00
293.00
295.00
294.50
291.50
292.50
291.50
291.50
292.50
292.50
292.50
293.50
292.00
291.50
294.00
291.00
295.00
294.50
292.00
292.50
297.00
291.00
295.00
296.50
293.50
297.00
293.00
295.50
295.50
298.00
296.50
296.00
298.50
294.00
296.50
294.50
295.50
291.50
294.00
299.50
290.00
296.50
292.00
294.50
294.50
296.00
295.00
295.00
295.50
299.50
295.50
296.00
299.00
297.00
293.50
300.00
295.50
295.50
293.50
296.00
299.00
295.00
296.00
296.50
294.00
295.50
293.50
294.50
295.50
299.00
297.00
294.00
297.50
143.50
141.50
145.50
