106.00
106.50
106.00
106.00
106.50
106.00
106.00
106.00
106.00
106.00
106.00
106.00
106.00
106.00
106.00
106.00
107.00
106.00
107.00
106.00
106.00
106.00
106.00
106.00
106.00
106.00
106.00
106.00
106.00
106.00
106.00
106.00
106.00
106.00
106.00
106.00
106.00
106.00
106.00
106.00
106.00
106.00
106.00
107.50
106.00
106.00
106.00
106.00
108.00
106.00
106.00
106.00
106.00
106.00
107.00
107.00
107.00
107.00
107.00
106.00
107.00
107.00
107.00
106.00
107.00
107.00
106.50
107.00
107.00
107.00
107.50
107.00
107.00
107.00
107.00
107.00
107.00
107.00
107.00
107.00
107.50
107.00
106.50
107.00
106.50
107.00
107.50
107.00
106.00
107.00
107.00
107.00
107.00
107.50
107.00
107.00
107.00
107.00
107.00
107.00
107.00
107.00
107.00
107.00
107.00
107.00
106.50
107.00
107.00
107.00
107.00
107.00
107.00
107.00
107.00
107.00
106.50
107.00
107.00
106.50
106.00
107.00
107.00
106.00
107.00
107.00
107.00
107.00
107.00
106.50
106.50
106.00
107.00
107.00
107.00
106.50
107.00
106.00
106.50
107.00
106.00
106.00
106.00
106.00
106.00
106.00
106.00
106.00
106.00
106.00
106.00
106.00
106.00
106.00
106.00
106.00
106.00
106.00
106.00
106.00
106.50
106.00
107.00
107.00
107.00
106.00
106.50
107.00
107.00
109.00
109.00
110.00
109.00
109.50
109.00
109.00
109.00
109.00
109.00
109.00
109.00
109.00
109.50
109.00
109.00
106.00
107.00
106.00
106.50
106.00
107.00
106.50
107.50
106.00
107.00
106.50
107.00
107.00
106.50
106.00
107.00
107.50
106.50
108.00
107.00
106.00
106.00
107.00
106.50
106.00
107.00
107.00
106.50
107.00
106.00
106.00
106.00
106.00
106.00
106.00
106.00
106.00
106.00
106.00
106.00
107.00
106.00
106.00
106.00
106.00
106.00
106.00
106.00
106.00
107.00
106.00
106.00
106.00
106.00
106.00
106.00
106.00
106.00
106.00
106.00
106.00
106.00
106.00
106.00
106.00
106.00
106.00
106.00
106.00
106.00
106.00
106.00
106.00
106.00
106.00
106.00
106.00
106.00
107.00
106.00
106.00
107.00
106.00
106.00
106.50
106.00
106.50
106.00
106.00
106.00
106.00
106.00
106.00
106.00
106.00
106.00
106.00
106.00
106.00
106.00
107.00
107.00
106.00
106.00
107.00
106.00
106.00
106.00
106.00
106.00
106.00
106.00
107.00
106.00
106.00
107.00
106.00
106.00
106.00
106.00
106.00
106.00
106.00
106.00
106.00
106.00
106.00
106.00
106.00
105.00
106.00
106.00
106.00
106.00
106.00
106.00
106.00
107.50
66.00
26.00
26.00
26.00
26.00
25.00
26.00
26.00
26.00
26.00
26.00
26.00
26.00
26.00
26.00
26.00
25.50
25.00
26.00
26.50
26.00
25.00
26.00
26.00
25.00
26.00
26.00
26.00
26.00
26.00
26.00
25.00
25.50
26.00
25.00
26.00
25.00
26.00
25.50
26.00
25.00
26.00
25.00
25.00
25.50
26.00
28.00
29.00
29.00
28.00
29.00
28.50
27.00
29.00
29.00
29.00
29.00
29.00
29.00
29.00
29.00
28.50
27.00
26.00
26.00
26.00
26.00
26.00
111.00
111.00
111.00
111.00
110.00
110.00
110.00
110.00
110.00
109.00
109.00
109.00
109.00
109.00
109.00
109.00
108.00
109.00
108.00
108.50
108.00
107.00
107.50
108.00
108.00
108.00
107.00
107.00
106.00
107.00
107.00
107.00
107.00
107.00
107.00
106.00
107.00
106.00
133.00
135.00
136.00
136.00
136.00
135.00
135.00
135.00
136.00
135.00
136.00
144.00
145.00
145.00
145.00
145.00
145.00
144.00
144.00
144.00
143.00
143.50
142.00
142.00
142.50
143.00
143.50
141.00
140.50
140.00
141.00
148.00
149.00
149.00
148.50
148.00
148.00
148.00
148.00
147.00
147.00
147.00
147.00
138.00
138.00
138.00
138.00
131.00
314.50
314.00
314.50
313.00
311.00
311.00
311.50
397.00
399.00
401.00
403.00
406.00
411.00
411.50
415.00
418.00
420.50
421.50
424.00
423.00
423.50
422.00
422.00
420.50
419.00
418.00
416.00
417.50
417.00
416.00
417.00
417.00
417.00
416.00
418.00
417.00
418.00
419.00
419.00
419.50
420.50
420.00
420.00
421.00
420.00
420.00
420.00
396.00
396.00
396.00
395.00
396.00
396.00
395.50
395.00
395.00
396.00
396.50
395.00
396.50
397.50
397.00
398.50
398.00
399.00
399.50
399.00
399.00
398.00
398.00
399.00
398.00
399.00
398.00
399.00
399.00
399.00
399.00
399.00
400.00
399.00
400.00
398.00
400.00
400.00
400.00
397.00
397.00
399.00
399.00
396.00
400.00
400.00
401.00
399.50
398.00
399.50
399.00
400.50
396.00
395.00
398.00
399.00
399.50
399.00
399.50
401.00
401.00
397.50
397.00
397.00
397.00
397.50
396.00
397.00
396.00
396.00
397.00
396.50
397.00
397.00
396.50
396.50
396.00
396.50
396.00
396.00
396.50
395.50
395.00
394.50
394.50
394.00
394.00
395.00
395.00
394.00
393.00
394.00
393.00
393.00
394.50
393.00
392.00
393.50
392.00
393.00
392.00
393.00
393.00
393.50
392.00
393.00
392.00
392.00
392.00
393.00
392.50
394.00
393.00
393.00
393.00
392.00
392.00
393.50
393.00
392.00
392.50
394.00
393.00
391.50
393.00
392.00
393.00
392.00
392.00
392.00
392.50
392.00
393.00
391.50
392.00
391.50
392.00
392.00
392.00
392.00
391.50
392.00
392.00
392.00
392.00
392.00
391.00
392.00
392.00
392.00
391.50
391.00
391.00
391.50
392.50
391.00
390.50
391.00
391.00
391.00
391.00
390.00
391.00
391.00
390.00
390.00
391.50
391.00
390.00
391.00
391.00
391.00
391.00
390.50
391.00
391.00
391.50
132.00
132.00
132.50
143.50
165.00
179.50
191.00
192.00
192.00
193.00
192.00
193.00
191.00
191.00
192.00
197.00
203.00
203.00
203.50
204.00
205.00
205.00
205.00
205.00
205.00
205.00
205.00
206.00
204.00
204.00
204.00
204.00
203.50
203.00
203.00
203.00
203.00
203.00
204.00
203.50
204.00
204.00
203.50
205.00
204.50
204.50
204.00
204.00
204.50
204.00
204.00
204.50
204.00
204.00
204.00
204.00
205.00
206.00
205.00
206.00
206.00
204.50
205.00
204.00
205.00
206.00
206.00
207.00
207.00
207.00
207.00
207.00
207.00
207.00
207.00
206.00
205.00
205.50
207.00
205.50
205.00
206.50
205.00
205.00
205.00
205.00
205.00
204.00
205.00
205.00
204.00
1779.00
1740.00
1744.00
1747.50
1748.00
1745.00
1743.50
1745.00
204.00
204.00
205.00
202.00
202.00
202.00
201.00
202.00
201.00
201.00
200.00
198.50
199.00
199.00
199.50
199.00
198.00
197.00
196.50
196.00
196.00
197.00
196.00
194.00
194.00
194.00
194.00
194.00
193.50
191.00
192.00
192.00
191.00
192.00
191.00
188.00
188.00
189.50
189.00
188.00
188.50
188.00
189.00
189.00
189.00
189.00
188.00
188.50
187.00
186.00
186.00
185.50
186.00
186.00
186.00
183.00
184.00
184.00
183.00
184.00
184.50
183.50
180.00
181.00
180.50
180.00
181.00
181.00
180.50
180.00
180.00
181.00
181.00
180.50
181.00
181.00
181.00
180.00
181.00
206.00
202.00
201.00
200.50
202.50
200.00
202.00
200.00
198.50
203.50
203.00
202.50
202.50
202.00
199.00
200.00
200.00
201.50
203.50
204.00
201.00
209.50
222.00
1295.00
1283.00
1285.00
1285.00
1284.00
1282.00
1281.00
1286.00
1280.00
1281.00
1277.00
1279.00
1278.00
1279.00
1278.00
212.00
212.50
211.00
209.00
207.00
207.50
212.50
207.00
205.50
205.00
204.00
208.50
208.00
205.00
206.00
208.50
209.00
206.00
205.50
203.00
209.50
208.00
204.00
205.50
205.00
205.50
205.50
208.00
206.00
206.00
208.00
208.00
207.50
207.00
209.00
212.00
203.50
206.00
210.50
207.00
205.00
205.00
208.50
207.00
209.00
209.00
210.00
207.50
211.00
207.00
209.00
212.00
209.00
208.00
206.00
209.00
209.00
208.00
204.50
204.00
206.00
199.50
206.00
205.00
203.50
203.50
199.00
200.00
198.00
197.00
200.00
197.50
199.00
198.00
197.50
197.00
196.00
195.00
195.50
195.00
198.00
195.00
193.50
195.00
194.00
194.00
194.00
195.00
194.00
193.50
192.00
191.50
191.00
191.00
194.00
191.00
192.50
194.00
194.00
193.00
195.00
191.00
192.00
192.50
143.00
145.00
146.00
142.00
137.00
137.00
141.00
140.00
135.00
139.00
138.00
139.50
139.00
141.00
144.50
144.00
144.00
141.00
145.50
146.00
157.50
161.50
158.00
159.00
152.50
155.00
158.00
157.50
159.00
160.00
158.00
157.00
159.00
439.50
647.00
672.00
662.00
673.50
661.50
675.50
621.25
589.50
584.50
575.00
650.50
579.00
582.00
610.00
594.50
597.00
638.50
648.50
548.00
574.50
619.00
626.50
543.25
569.00
616.50
573.00
607.00
603.00
556.75
613.00
630.50
547.25
602.00
634.00
479.50
723.00
673.00
658.75
690.75
609.25
659.00
650.00
586.25
623.50
619.75
542.50
558.00
579.00
153.00
156.00
153.00
146.00
152.00
150.00
156.00
146.50
150.00
150.00
152.00
152.00
150.00
147.00
152.00
549.00
547.00
642.75
621.00
608.00
605.50
704.25
654.00
664.00
603.00
628.00
589.00
611.00
655.00
596.00
518.25
556.50
535.00
561.00
570.00
520.50
557.50
144.00
130.00
141.00
139.50
139.00
137.00
134.50
135.00
136.00
136.00
136.50
136.00
135.50
133.00
132.00
133.50
133.50
133.50
136.00
137.00
135.00
133.00
132.50
133.50
133.00
139.00
133.00
137.00
131.50
140.50
133.00
134.00
131.50
134.00
135.00
137.00
135.00
133.00
130.50
130.00
129.00
131.00
128.00
132.00
128.00
132.00
129.50
129.00
131.00
128.50
131.00
126.50
134.00
130.00
130.00
130.00
132.00
132.00
132.00
131.00
130.00
128.00
129.00
128.00
128.50
127.00
127.00
129.50
129.00
131.00
128.50
129.00
126.00
127.00
128.00
128.50
127.00
129.00
128.00
130.50
128.00
128.00
126.50
125.00
127.00
127.00
127.50
125.00
123.00
123.00
123.00
126.00
121.50
122.00
122.00
121.50
120.00
118.00
120.50
120.00
123.00
123.00
122.50
124.00
123.00
123.00
122.50
124.00
123.50
122.00
120.00
120.00
123.00
121.50
120.00
119.50
123.00
123.00
123.50
122.50
123.00
123.50
122.50
124.00
124.50
122.00
122.00
122.50
120.00
122.00
123.00
120.00
120.00
122.00
123.00
121.00
120.00
120.00
120.50
122.50
143.00
137.50
142.00
144.00
140.50
145.00
144.00
126.00
120.50
123.50
125.00
123.50
121.00
123.00
120.00
120.00
125.00
120.50
123.00
120.00
121.00
123.50
124.00
123.00
125.50
122.00
127.50
123.00
127.00
124.00
122.00
120.50
125.00
125.00
124.00
97.00
97.00
97.50
97.00
98.00
97.50
2874.25
2850.50
2843.00
2840.50
2835.50
2833.00
2835.50
2833.00
2818.00
2815.50
2815.50
2818.00
2827.50
2830.00
2827.50
2855.00
2854.50
2854.75
2865.50
2867.50
133.00
135.00
2944.50
2880.50
2867.50
3273.50
3327.50
3310.00
3365.50
3361.25
3322.00
3363.00
3379.00
3300.75
616.00
634.00
2006.25
3240.00
3266.50
3327.75
3343.00
3344.50
3357.50
3350.75
3320.50
3283.50
3275.00
3383.50
540.00
600.00
3339.50
3285.50
3278.50
3283.75
3354.50
3338.25
3203.50
3269.00
3342.00
3361.00
3278.50
639.00
653.75
3383.00
3368.00
3355.75
3382.25
3340.00
3289.75
3395.00
3295.25
3330.50
505.00
518.75
2860.50
2858.75
2851.50
2847.50
2825.50
2820.50
2807.00
2808.00
2806.25
103.00
108.00
2902.25
2836.00
2833.50
2835.00
3167.00
3261.50
1878.75
631.25
584.00
590.00
280.25
3452.50
3349.50
3389.75
3373.50
3318.00
3283.75
3251.50
3257.00
3269.00
3334.50
3218.50
496.00
535.75
485.50
528.00
540.75
98.00
2959.00
2844.25
2831.50
2828.00
2815.00
2812.50
97.00
98.00
97.00
123.00
123.00
120.50
132.50
119.00
123.50
2894.75
2865.50
2864.50
2855.75
2851.50
129.00
120.50
123.00
114.00
118.00
123.50
122.50
126.00
120.50
120.00
118.50
2879.75
2859.50
2850.50
2844.00
119.00
124.00
112.00
121.00
120.00
116.50
115.50
114.00
124.00
116.50
120.00
127.00
119.50
119.00
119.00
122.00
122.50
2892.50
2861.00
2868.50
2855.50
116.00
119.00
123.50
120.00
118.00
118.50
116.00
119.00
121.00
121.00
119.00
123.00
123.50
120.00
126.00
128.00
118.00
122.00
123.50
117.00
120.50
120.00
116.00
121.00
119.00
120.00
117.00
119.50
118.50
121.00
120.50
121.00
120.00
119.50
130.00
98.00
97.00
96.00
97.00
97.00
97.50
97.00
97.00
97.00
97.00
98.00
96.00
98.25
97.00
96.00
95.50
96.00
98.00
97.00
96.00
97.00
99.50
98.00
97.00
96.00
96.50
97.00
97.50
97.50
96.00
96.00
96.00
96.50
96.00
99.00
99.00
99.00
99.00
99.50
99.00
99.00
100.50
101.00
99.00
100.00
99.50
100.00
99.00
102.50
99.50
97.00
99.00
97.00
96.00
97.50
97.00
96.00
97.00
89.00
89.00
90.00
24.50
24.00
24.00
27.00
23.50
24.00
25.00
30.50
24.00
24.00
26.00
27.00
26.00
25.00
25.00
24.00
28.50
24.00
26.00
24.00
28.00
25.00
26.00
27.50
25.00
30.00
25.50
24.00
25.00
25.00
25.00
28.00
25.00
24.00
25.00
24.00
27.50
25.00
27.00
26.00
30.00
25.00
25.00
25.00
25.00
25.00
25.00
26.50
25.00
25.00
24.50
26.00
24.00
30.00
24.00
25.00
27.50
25.00
25.00
24.00
27.00
30.00
27.00
27.50
27.00
24.00
25.00
24.00
25.00
24.00
27.50
24.00
24.00
25.50
25.00
24.00
24.50
24.00
23.00
23.00
25.00
24.00
24.50
24.50
25.00
28.00
25.00
24.00
24.00
30.00
25.00
25.00
24.00
26.00
24.00
26.50
24.50
24.00
29.00
24.00
23.00
27.00
26.00
25.00
24.00
24.50
30.00
25.00
24.00
28.50
24.00
24.00
25.00
24.00
24.00
27.00
24.00
25.00
24.00
24.50
30.00
24.00
24.00
25.00
25.00
23.50
26.00
24.00
24.50
25.00
25.00
24.00
24.00
25.00
24.00
24.00
24.00
23.00
27.00
24.00
24.00
25.50
26.00
25.00
24.50
24.00
25.00
24.00
26.00
23.00
26.00
25.00
24.00
24.00
26.50
24.00
25.00
24.50
26.00
24.00
25.00
30.00
24.00
26.00
23.50
25.00
25.00
27.00
28.00
27.00
27.00
29.00
26.00
26.00
26.50
27.50
31.00
26.50
27.00
27.00
26.00
26.00
27.00
26.00
25.00
23.00
23.00
23.00
28.00
27.00
24.00
24.00
23.00
23.00
24.00
24.00
25.00
23.00
29.00
24.00
23.50
27.00
28.50
24.00
24.00
23.00
23.00
23.00
24.00
24.00
23.00
23.00
23.50
23.00
29.00
24.50
27.00
23.00
23.00
27.00
25.00
26.00
23.00
25.50
24.00
25.00
26.50
23.00
25.00
24.50
29.00
23.00
23.50
25.00
25.00
25.00
23.50
30.00
24.00
25.00
25.00
24.00
24.00
29.00
26.00
23.50
26.50
25.00
25.00
23.50
24.00
25.00
30.00
25.00
23.00
28.50
24.00
24.00
23.50
24.00
24.00
24.50
24.00
24.00
29.00
28.00
24.00
24.00
25.00
26.00
24.00
25.00
26.50
27.00
26.00
27.50
24.00
30.00
24.00
27.00
24.00
25.00
24.00
25.00
23.50
25.00
24.00
30.50
30.00
24.00
24.00
23.50
29.00
24.00
24.50
25.00
23.00
27.00
24.00
24.00
23.50
24.00
24.00
25.00
26.50
24.00
24.00
24.00
25.00
30.00
27.00
24.00
24.00
24.00
24.00
24.00
24.00
23.50
28.00
27.00
25.50
25.00
24.00
24.00
24.00
23.00
26.00
30.00
24.00
28.00
24.50
24.00
30.00
26.50
24.00
29.00
24.00
24.00
25.00
23.00
24.00
25.00
24.00
27.50
27.00
29.00
24.50
30.00
24.00
24.50
24.00
23.00
27.00
25.00
24.00
25.50
25.00
29.00
24.50
27.00
25.00
24.00
24.00
24.00
27.00
26.50
27.00
28.00
27.00
27.50
29.00
32.00
27.00
27.00
27.00
26.50
27.00
32.00
26.00
26.00
24.00
25.00
24.00
24.00
24.00
30.00
26.00
24.00
26.50
23.00
26.00
23.50
24.00
25.00
23.00
24.00
25.00
23.00
23.50
30.00
24.00
26.00
25.00
25.00
24.00
25.00
28.00
23.50
24.00
24.00
24.00
24.00
24.00
24.00
24.00
23.00
24.00
25.00
23.00
24.00
27.50
24.00
25.00
28.00
23.00
24.00
25.00
23.50
25.00
29.00
25.00
24.00
28.00
23.50
26.00
23.00
23.00
26.00
24.00
24.00
23.00
23.00
23.00
26.00
24.00
24.00
23.00
23.00
25.00
26.00
23.50
27.00
26.00
25.00
29.00
26.00
26.00
26.00
23.50
24.00
25.00
24.00
23.00
26.50
24.00
23.00
23.50
27.00
23.00
23.00
24.00
23.50
23.00
23.50
23.00
24.00
23.00
25.00
23.00
24.50
24.00
23.00
27.50
25.50
29.00
23.00
27.00
23.50
23.00
25.00
25.00
25.00
24.00
26.00
24.00
24.00
25.00
23.00
23.00
26.50
24.00
24.00
30.00
24.00
24.00
24.00
24.00
25.00
25.00
28.50
25.00
24.00
25.00
29.00
24.00
25.50
25.00
25.00
27.50
24.00
25.00
24.00
24.00
24.00
24.00
27.00
25.00
24.00
23.50
23.00
28.00
26.00
23.00
24.00
23.50
24.00
24.00
23.50
25.50
24.00
24.00
25.50
25.00
25.00
24.00
24.00
30.00
23.00
27.00
30.00
24.00
28.00
29.00
28.50
24.50
24.00
24.00
24.00
24.00
28.00
27.00
27.00
28.00
31.00
25.00
26.00
34.00
35.00
36.00
36.00
30.00
32.00
26.00
31.50
55.00
52.00
52.00
46.00
44.00
49.00
48.50
47.00
46.00
47.00
48.00
47.00
46.50
62.00
49.00
45.50
47.00
47.00
52.00
54.00
46.00
52.50
48.00
48.00
45.00
46.00
47.00
47.50
46.00
48.00
46.00
46.50
48.00
49.00
50.00
49.00
51.50
55.00
85.00
63.00
58.00
41.50
63.50
75.00
55.50
81.50
64.00
93.00
52.50
52.00
62.00
68.50
68.50
55.00
69.00
67.50
85.00
95.00
71.00
63.00
54.00
46.50
51.50
51.00
51.50
47.00
49.00
47.00
55.00
51.00
53.00
60.00
53.00
51.00
51.00
51.00
48.00
54.00
47.00
46.00
55.00
60.00
52.00
51.00
44.50
47.00
51.00
45.50
1140.00
1140.00
1139.00
1134.50
1147.00
1145.00
1146.50
1137.50
1151.00
1156.50
1151.00
1160.00
1161.00
1158.50
75.50
48.00
55.50
48.00
50.00
50.00
53.00
51.00
47.50
47.50
49.00
49.00
45.50
51.00
47.00
48.00
46.00
49.00
50.00
48.00
47.00
48.00
48.00
64.00
47.00
54.00
60.00
52.00
51.50
50.00
52.00
56.00
49.50
50.00
49.00
49.00
53.00
44.00
23.50
24.00
24.00
24.00
24.00
24.00
25.00
25.00
25.00
24.50
24.00
24.00
24.00
24.00
24.00
25.00
24.50
25.00
25.00
24.00
25.00
25.00
24.50
24.50
24.00
25.00
24.50
25.00
25.00
24.00
25.00
24.00
24.50
25.00
25.00
24.50
25.00
25.00
25.00
24.50
25.00
25.00
25.00
28.00
27.00
27.00
27.00
27.00
27.00
27.00
27.00
27.00
27.00
27.00
27.00
27.00
26.00
27.00
27.00
25.00
25.00
24.50
24.00
25.00
25.00
24.50
25.00
25.00
25.00
25.00
25.00
25.00
25.00
25.00
25.00
25.00
25.00
24.00
25.00
24.00
24.50
24.50
25.00
25.00
25.00
25.00
24.00
24.50
25.00
24.00
24.00
24.50
25.00
24.00
24.50
24.00
25.00
25.00
25.00
25.00
24.50
25.00
25.00
24.50
25.00
24.00
24.50
25.00
25.00
25.00
25.00
25.00
25.00
25.00
24.00
25.00
24.50
25.00
25.00
25.00
25.00
25.00
25.00
27.00
25.00
25.00
24.50
24.00
24.00
24.00
24.50
24.00
24.00
24.00
24.00
24.00
24.00
24.00
24.00
24.00
24.00
24.00
24.00
24.00
24.00
24.00
24.00
24.00
24.00
25.00
24.00
24.00
24.00
23.50
24.00
24.00
24.00
24.00
24.00
24.00
24.00
24.00
24.00
24.00
24.00
24.00
23.50
24.00
24.00
24.00
24.00
24.00
24.00
24.00
24.00
25.00
24.00
24.00
24.00
24.00
24.00
24.00
24.00
24.00
25.00
25.00
24.00
25.00
25.00
25.00
25.00
25.00
25.00
24.00
25.00
25.00
24.50
25.00
25.00
24.50
25.00
25.00
24.50
24.50
25.00
25.00
25.00
25.00
25.00
25.00
25.00
25.00
25.00
25.00
25.00
25.00
25.00
25.00
24.50
24.50
25.00
25.00
25.00
24.00
25.00
25.00
25.00
25.00
25.00
25.00
25.00
25.00
25.00
25.00
25.00
25.00
25.00
25.00
25.00
25.00
27.00
27.00
27.00
27.00
27.00
27.00
27.00
27.00
27.00
27.00
27.00
27.00
27.00
27.00
27.00
27.00
25.00
25.00
25.00
25.00
25.00
25.00
25.00
25.00
25.00
25.00
25.00
23.50
25.00
25.00
24.50
24.00
25.00
25.00
25.00
25.00
25.00
24.50
25.00
25.00
25.00
24.00
24.00
25.00
25.00
25.00
23.50
24.00
25.00
24.00
25.00
25.00
2822.00
2752.75
2744.00
2742.50
2740.00
2736.50
2735.00
2734.00
2732.50
2730.00
2730.00
2729.00
2727.50
2726.00
25.00
25.00
25.00
24.50
24.00
27.00
25.00
25.00
25.00
25.00
2745.00
2734.00
2732.50
2731.50
24.00
24.50
25.00
25.00
25.00
24.50
25.00
25.00
25.50
25.00
25.00
25.00
25.00
25.00
24.50
25.00
25.00
2777.25
25.00
25.00
24.00
24.50
25.00
25.00
25.00
24.00
24.00
24.50
25.00
25.00
26.00
24.00
24.00
24.50
26.00
24.00
24.00
24.00
24.00
25.00
24.50
25.00
25.00
25.50
25.00
25.00
25.00
25.00
25.00
25.00
24.50
25.00
25.00
25.00
25.00
25.00
25.00
25.00
25.00
25.00
23.00
24.00
24.00
24.00
25.00
24.00
24.00
24.00
24.00
24.00
24.00
57.00
57.50
59.00
60.50
63.00
68.50
74.00
76.00
77.00
78.00
78.00
79.00
70.00
69.00
69.00
68.00
68.00
76.00
75.00
75.00
75.00
66.00
66.00
66.00
66.00
67.00
77.00
130.50
132.00
136.00
136.00
137.50
141.00
141.50
144.00
145.00
146.00
147.50
148.00
149.00
149.00
148.00
149.00
147.50
192.00
190.00
189.50
192.00
192.00
191.00
190.50
191.00
193.00
191.50
192.00
191.00
190.50
192.00
192.00
192.00
191.00
192.00
192.00
191.00
191.00
191.00
192.00
191.00
192.00
191.00
191.50
192.00
190.50
192.00
191.00
190.00
190.00
190.00
191.00
191.50
189.50
190.00
190.50
190.00
190.00
190.50
190.00
191.00
190.00
190.50
190.00
189.00
273.50
272.00
271.00
271.00
271.00
271.00
271.00
271.50
271.50
271.00
271.00
271.00
270.00
270.50
270.00
270.00
269.00
270.00
270.00
270.00
269.00
268.00
269.00
269.00
268.00
269.00
267.00
267.00
266.00
266.00
266.00
266.00
265.00
267.00
265.00
264.00
263.50
262.50
263.00
262.50
264.00
262.00
262.00
263.00
263.00
263.00
262.50
262.00
263.00
263.00
263.00
263.00
263.50
264.00
263.00
263.00
262.00
262.00
262.00
262.00
262.00
263.00
261.00
261.00
262.00
261.00
262.00
262.00
260.00
261.50
261.50
261.00
262.00
261.00
262.00
260.00
263.50
261.50
260.00
261.50
261.50
262.00
261.00
261.50
261.00
262.00
260.50
262.00
261.00
261.00
261.00
261.50
261.50
260.50
262.00
261.00
261.50
261.00
260.00
260.50
261.00
261.00
260.00
260.00
260.00
260.00
260.00
261.00
260.50
261.00
260.00
260.50
260.50
261.00
261.00
261.50
262.00
261.00
260.00
260.50
261.00
261.00
260.00
261.00
260.50
260.00
259.50
260.00
260.00
260.00
261.00
261.00
261.00
260.00
261.00
260.00
260.00
260.00
261.00
264.00
262.00
261.00
260.00
261.00
261.00
260.50
260.00
261.00
260.00
260.50
261.00
262.00
248.50
250.00
248.00
248.50
248.00
249.00
250.00
1678.50
2861.00
2838.50
2832.00
2828.25
2828.00
2825.75
2825.00
2818.50
2822.25
2822.50
2820.00
2815.00
2814.00
2817.00
2814.50
2813.50
2817.00
172.00
172.00
2886.00
2832.00
2828.00
2828.00
2827.00
2817.00
2814.75
2817.00
2813.50
2808.50
171.00
2890.50
2843.50
2822.00
2816.00
2817.50
2819.00
2821.50
2825.50
2818.25
172.00
172.00
2837.00
2826.00
2828.50
2827.00
2827.50
2827.00
2825.25
172.00
172.00
2849.50
2818.50
2817.00
2817.00
2816.00
2821.50
2821.50
2824.00
174.00
175.00
2866.50
2827.75
2821.50
2819.00
2841.75
2843.75
2846.50
201.00
198.00
2906.00
2844.50
2843.50
2838.00
2844.00
2844.00
2840.50
204.00
198.50
2924.75
2867.00
2853.00
2846.25
2848.25
2846.00
2838.50
198.00
200.00
2926.00
2848.75
2845.50
2851.00
2845.00
2849.00
201.00
202.00
1539.50
2857.00
2857.00
2849.00
2843.00
2846.50
2851.50
201.00
200.00
2867.75
2851.50
2854.50
2852.50
2850.50
2850.00
2845.00
208.25
206.50
2892.50
2866.25
2873.50
2855.50
2855.00
2862.00
209.50
209.00
2896.00
2877.50
2874.50
2855.50
2870.50
2868.50
213.00
192.00
2918.00
2878.25
2869.50
2869.00
2866.25
2872.50
213.50
215.50
2909.25
2846.50
2832.50
2844.00
2843.50
182.50
182.50
2914.50
2856.50
2849.00
2846.00
2845.00
2796.50
139.50
137.50
2821.50
2788.00
2788.00
2789.00
2785.50
2781.25
137.50
138.50
2833.00
2794.00
2793.50
2791.50
138.50
138.50
139.75
138.50
138.50
138.50
138.50
139.50
138.50
135.00
138.50
138.50
2956.75
2805.50
2792.00
2787.00
2787.00
2787.00
2783.50
2781.00
2779.50
135.00
137.25
136.25
136.00
136.25
136.00
135.00
134.50
138.00
135.00
135.00
132.50
140.00
135.00
135.00
135.50
2868.50
2799.00
2792.00
2790.75
2788.00
2784.50
2779.50
2781.00
135.00
135.00
135.00
136.00
137.00
136.00
139.25
137.00
135.00
135.50
135.00
135.00
136.25
140.50
138.00
135.00
137.00
135.00
128.00
128.00
133.50
128.00
128.00
128.00
128.00
128.00
129.50
129.00
128.00
128.00
129.00
129.00
129.00
128.50
135.00
129.00
127.50
128.00
128.00
130.00
132.50
131.00
129.50
130.00
130.00
131.00
136.50
133.00
132.00
131.50
131.00
136.00
134.00
130.50
131.00
131.00
132.00
132.00
131.50
131.50
132.50
134.00
127.50
130.00
134.00
129.50
130.00
130.50
131.00
129.00
129.50
131.00
132.00
128.00
130.00
129.50
131.50
130.00
129.50
130.00
128.00
128.00
132.50
129.50
129.00
132.00
129.00
129.00
138.50
138.50
141.50
140.50
137.50
138.50
139.00
140.50
138.50
138.50
139.00
138.50
138.50
144.00
138.50
138.50
138.50
138.50
138.50
138.00
138.50
138.50
141.00
138.00
137.50
142.50
137.50
142.50
138.50
137.50
137.50
141.50
141.00
138.50
139.50
138.00
138.50
137.50
138.50
137.50
137.50
139.50
141.00
137.50
142.50
137.50
138.50
136.50
137.50
143.50
137.50
138.50
139.50
138.50
140.50
138.00
138.50
136.50
143.00
142.50
143.50
136.00
138.50
138.50
137.50
133.00
131.00
130.50
129.50
130.00
130.00
132.50
130.00
128.00
129.50
132.00
130.00
131.50
129.00
130.00
131.50
130.00
133.50
131.00
130.00
137.00
135.00
131.00
130.00
129.00
130.00
129.50
130.00
131.00
130.50
135.00
132.00
129.50
132.00
129.50
130.50
128.00
134.00
128.00
131.00
129.00
128.00
129.00
135.00
129.00
128.00
128.50
129.00
129.00
129.00
128.50
129.00
129.50
129.00
128.00
129.00
128.50
129.00
134.00
129.50
133.00
131.00
130.00
130.50
130.00
129.00
129.00
130.50
131.00
129.00
132.00
129.00
129.50
129.00
129.50
129.00
130.00
129.50
129.00
130.50
129.00
132.00
129.00
131.50
129.00
131.50
134.00
131.00
132.50
135.50
133.00
131.00
134.00
132.00
131.00
132.00
131.00
132.00
132.50
132.00
131.00
130.00
130.00
130.00
129.00
131.50
128.00
129.00
127.00
128.00
129.00
128.00
128.00
127.50
130.50
128.00
133.00
127.00
130.00
129.00
128.00
131.50
128.00
127.50
128.00
128.00
128.50
130.50
128.00
127.50
127.00
132.50
127.50
128.00
129.50
129.00
127.00
128.00
128.00
128.00
127.50
127.50
128.00
132.00
131.00
129.00
128.00
131.00
128.00
128.00
128.00
128.00
128.00
133.00
129.50
129.00
128.50
127.50
129.00
129.00
128.00
128.00
131.00
128.00
128.00
128.00
128.00
130.00
128.00
128.00
128.50
128.00
128.00
127.00
127.50
128.00
128.00
128.00
133.00
133.00
133.00
128.00
128.00
128.00
128.00
130.50
129.00
130.50
128.00
128.00
127.00
128.00
129.00
129.50
128.00
133.00
133.00
128.00
128.00
134.00
132.00
132.00
134.00
128.50
129.00
130.00
130.50
129.00
131.00
129.00
128.50
134.00
130.00
129.00
132.00
129.00
128.00
128.50
133.00
131.50
130.50
128.00
133.50
128.00
128.00
129.00
132.50
128.00
129.00
129.00
132.00
129.00
134.00
128.00
129.00
130.00
129.50
130.00
129.00
130.00
130.50
129.00
128.50
129.00
132.00
129.00
129.50
129.00
129.00
134.00
129.00
131.00
128.50
131.00
129.00
129.00
129.00
128.50
131.00
131.00
129.00
132.00
128.50
130.00
129.00
129.00
129.00
129.00
134.00
130.00
130.00
135.00
128.00
134.00
128.00
134.00
131.00
129.50
128.00
130.50
129.00
129.00
128.50
129.00
129.00
134.00
130.00
132.00
131.00
132.00
131.00
131.00
131.00
132.00
131.00
131.00
136.50
131.00
130.00
131.50
130.00
131.00
131.00
134.00
129.00
127.50
129.50
129.00
129.00
131.00
133.00
128.00
127.50
128.00
128.00
128.00
134.00
127.00
129.00
128.50
128.00
129.00
128.50
129.00
134.00
130.00
129.00
129.00
128.00
128.50
131.00
128.50
127.50
126.00
129.00
128.00
128.00
128.00
128.00
128.50
129.00
134.00
129.00
128.50
129.00
127.50
129.00
128.00
127.50
128.00
128.00
128.00
128.00
128.00
129.00
133.50
128.00
128.00
129.50
128.50
128.00
134.00
128.00
131.50
128.00
130.00
129.00
130.00
133.50
128.00
128.00
128.00
134.00
128.00
129.00
131.50
128.00
129.00
128.00
128.00
130.00
128.00
128.00
129.00
130.50
130.50
128.00
130.50
128.50
128.00
128.00
132.00
128.00
129.00
131.00
131.00
128.50
128.50
129.50
128.00
128.00
128.50
130.00
129.00
131.50
128.00
131.00
129.00
130.00
128.00
128.00
129.00
128.00
130.50
128.00
128.00
128.00
134.50
128.00
128.00
130.50
129.50
129.00
130.50
128.00
129.00
130.00
127.00
128.00
129.00
127.50
128.00
128.50
129.00
128.00
128.00
127.00
129.00
127.50
128.00
128.00
128.00
128.00
127.50
128.00
129.50
128.00
128.00
129.00
129.00
128.50
128.50
128.00
128.00
129.50
131.50
129.00
128.00
129.50
129.00
128.00
128.00
128.00
128.00
97.00
64.00
67.00
65.00
64.00
65.00
64.00
66.00
68.00
67.50
70.00
64.50
64.00
64.00
90.00
91.00
93.00
94.00
100.00
95.50
94.00
97.00
97.00
97.00
96.00
102.50
98.50
97.00
97.00
97.00
96.50
102.00
95.00
95.50
95.00
95.50
94.00
96.00
65.00
64.50
68.00
64.00
64.50
64.00
67.00
67.00
66.50
64.00
68.00
64.50
65.00
64.00
65.50
64.00
64.00
64.00
65.00
66.00
65.00
66.50
64.00
64.00
68.50
64.00
64.00
70.50
64.00
66.00
64.00
64.00
64.00
64.00
68.00
64.00
64.00
64.00
64.00
65.00
64.00
64.00
64.00
64.00
64.50
65.00
66.00
67.00
65.00
65.00
66.50
66.50
64.00
65.00
67.00
67.00
66.00
65.00
67.00
71.00
70.50
71.00
65.50
64.50
65.00
64.00
65.00
65.50
65.00
64.00
71.00
67.00
65.00
65.00
65.00
67.00
65.00
65.00
64.50
64.50
67.50
65.00
65.00
68.50
64.50
66.00
64.00
64.00
64.00
65.00
64.00
64.00
66.50
