1566.00
2564.25
2563.00
2557.50
2561.00
2559.00
452.50
457.50
1413.50
1369.50
1370.50
551.50
462.50
2211.25
2225.50
2199.50
2191.50
2194.50
584.50
461.50
464.00
462.50
463.50
464.50
459.50
458.00
457.00
440.50
441.00
444.00
449.50
447.50
447.50
446.50
447.00
447.50
445.00
522.50
525.50
516.50
516.50
531.50
531.50
532.50
536.50
532.00
530.50
412.50
408.00
405.50
409.50
401.50
401.50
408.50
413.50
413.50
412.50
407.50
404.50
408.50
409.00
410.50
410.50
416.50
419.00
414.50
409.50
415.50
415.50
415.50
416.50
418.50
415.50
417.00
403.50
394.50
406.50
412.50
412.50
415.50
414.00
415.50
416.50
418.50
415.50
410.50
412.00
414.50
412.50
397.50
475.50
379.50
412.50
403.50
410.50
403.50
400.00
411.50
279.50
269.50
370.50
404.50
389.50
377.50
377.50
394.50
385.00
391.50
367.50
365.00
395.50
396.50
396.50
397.00
395.50
393.50
398.50
396.50
394.50
397.50
386.50
388.50
387.00
387.00
392.00
390.50
391.50
1291.50
1301.00
1296.00
381.50
394.50
393.50
439.00
396.00
400.50
400.00
447.50
1327.00
1296.00
1288.00
386.00
389.50
380.00
387.50
419.50
2140.00
2132.00
2128.50
386.50
382.50
393.50
392.50
392.50
397.50
400.00
410.50
397.50
404.50
396.50
287.50
287.50
287.00
291.50
286.50
287.50
282.50
281.50
279.00
277.00
279.50
268.50
295.00
289.50
277.50
279.00
279.50
286.50
198.50
199.50
197.50
195.50
196.50
195.50
196.50
196.50
198.50
196.50
195.00
197.50
196.50
197.50
196.50
197.50
198.50
202.50
197.50
193.50
194.50
194.00
192.50
194.00
193.50
194.50
194.50
196.50
198.50
198.00
202.50
204.00
227.00
213.00
216.50
238.00
371.50
262.50
261.50
262.50
266.00
1389.50
263.50
260.50
256.50
257.50
258.50
285.50
286.50
286.00
273.00
270.00
270.50
270.50
402.00
399.00
397.50
396.50
408.50
406.50
401.50
401.50
948.00
399.50
407.50
407.50
406.50
407.50
1499.50
407.00
1498.00
408.00
1501.50
407.00
407.50
408.50
407.50
402.50
403.50
402.50
404.00
401.00
401.50
400.50
397.50
396.50
947.50
399.50
393.50
1502.00
945.50
1498.50
399.50
1487.50
268.50
268.50
1378.50
826.00
268.50
267.50
267.50
268.50
271.00
266.50
267.50
294.00
825.00
268.50
267.50
826.00
269.00
265.50
263.50
817.00
271.50
1372.50
267.50
267.50
273.50
817.00
267.50
263.00
1367.50
1367.00
262.50
264.00
264.50
261.50
1361.50
263.50
262.50
264.00
263.50
814.50
263.50
818.00
259.50
260.50
262.50
263.50
1371.50
262.00
1383.50
271.50
272.50
273.00
271.50
270.50
271.00
269.50
272.50
271.00
271.50
271.50
268.50
271.50
270.50
419.50
418.25
417.00
417.00
419.50
424.50
443.00
441.50
444.50
439.00
437.00
432.50
434.00
258.50
257.00
235.00
233.00
370.50
367.00
387.50
368.50
360.50
358.50
363.50
365.50
355.00
352.50
356.50
355.00
347.50
348.50
350.50
346.50
349.50
345.50
349.00
348.50
348.50
348.00
344.50
349.50
351.00
344.00
347.50
345.50
349.00
370.50
373.50
400.50
404.00
406.50
399.50
394.50
395.50
393.50
279.00
280.50
288.50
284.50
284.00
283.50
286.00
272.50
257.50
212.50
212.00
210.50
210.50
213.50
214.50
214.50
212.50
214.00
213.50
213.50
191.50
188.50
187.50
195.00
191.50
191.50
191.50
193.50
193.50
194.50
191.00
177.50
178.50
175.00
175.50
178.50
175.00
173.00
171.50
170.50
172.00
173.50
174.50
171.50
172.00
170.50
171.00
170.00
172.50
172.50
175.50
184.50
178.50
178.00
178.50
163.50
164.00
163.50
162.50
162.50
164.50
163.00
163.50
162.50
163.00
163.50
163.00
163.50
164.50
163.50
163.50
163.50
163.50
156.00
157.50
159.50
170.50
162.50
166.50
163.00
158.50
156.50
157.50
158.00
159.50
291.50
293.50
293.50
290.50
284.00
282.00
281.50
296.50
288.50
284.50
285.50
285.00
283.00
283.50
282.00
283.00
282.50
283.50
284.50
282.50
283.50
282.50
281.50
282.50
281.00
281.00
281.50
282.50
281.00
281.50
283.00
279.50
279.50
282.50
279.50
281.50
162.50
164.50
163.50
160.50
158.50
159.00
158.50
157.50
156.00
157.50
157.50
161.00
161.50
162.50
159.50
158.00
159.50
158.50
158.50
160.00
160.50
161.50
160.50
158.50
157.50
158.00
157.50
158.50
156.50
156.50
162.50
164.00
164.00
162.50
164.00
166.00
163.50
163.50
164.00
164.50
163.50
165.50
166.00
162.50
162.50
164.50
164.00
161.50
163.50
163.50
163.50
163.50
166.00
165.00
163.50
159.50
157.00
158.00
158.50
160.00
158.50
158.50
160.50
159.50
157.50
160.50
158.50
159.50
159.50
158.50
160.50
160.50
160.00
156.50
160.50
157.50
158.50
158.50
156.50
156.50
158.50
162.50
164.50
163.00
163.50
162.50
166.50
165.50
164.50
166.50
164.00
287.50
300.50
299.00
294.50
291.50
285.50
285.50
284.50
283.50
284.50
284.50
284.50
284.50
278.50
278.50
279.00
277.50
277.50
277.00
276.50
277.50
276.50
279.50
277.50
277.50
276.50
276.50
274.50
277.50
275.00
278.50
275.50
278.00
276.50
276.50
277.00
274.00
159.50
157.50
159.50
165.50
164.00
163.00
163.50
163.50
164.00
165.50
164.50
164.00
166.50
162.50
160.50
161.50
164.50
166.50
163.50
163.50
163.50
164.00
166.00
163.50
163.50
161.50
160.50
164.00
164.00
164.50
163.50
165.50
164.50
163.50
163.00
163.50
163.00
163.50
163.50
162.50
165.50
165.00
163.00
171.50
163.00
167.50
163.50
164.00
164.50
163.50
163.50
166.00
164.00
163.50
164.50
165.50
163.00
166.00
163.50
163.50
165.00
164.50
163.50
164.50
165.50
163.50
164.50
162.00
164.50
166.00
164.50
164.50
164.50
165.50
167.50
165.50
161.50
161.50
160.50
160.50
160.50
162.00
161.50
160.00
162.50
160.00
159.50
159.00
161.50
294.50
293.00
293.50
287.50
289.00
279.50
279.50
279.50
276.00
276.50
278.00
276.50
279.50
286.00
284.00
285.00
283.50
283.50
280.50
279.50
285.50
282.50
304.50
306.50
306.50
305.50
310.50
307.50
308.50
308.00
305.50
305.00
307.50
307.50
304.00
305.50
303.50
186.50
185.50
183.50
183.50
185.00
184.00
182.50
184.50
183.50
184.50
185.50
184.00
184.50
186.50
186.00
185.50
185.50
184.50
186.50
187.50
185.50
185.50
185.50
185.50
185.50
185.50
191.50
192.00
192.50
192.50
191.00
191.50
190.50
190.50
191.50
190.00
189.00
188.50
189.50
188.50
188.50
189.50
190.00
188.00
189.50
188.50
189.50
187.00
188.50
185.50
182.00
183.50
182.50
181.00
183.50
182.50
183.00
183.50
185.50
182.50
184.50
183.50
184.50
183.00
183.50
181.50
181.50
183.50
186.50
184.50
185.00
183.50
182.50
184.00
182.50
188.50
187.50
189.00
188.50
188.50
187.50
165.50
164.50
164.50
165.50
163.50
353.00
326.50
299.50
294.50
334.00
290.00
290.50
289.50
288.50
287.50
287.50
369.50
284.50
379.50
364.50
374.50
374.50
362.50
363.50
367.50
369.50
376.50
374.50
364.50
364.00
365.50
364.00
369.50
365.50
372.50
372.50
364.50
364.50
368.00
366.50
369.50
366.00
363.50
369.50
369.50
365.50
360.00
359.50
358.00
366.50
353.50
366.50
343.50
350.50
368.50
364.00
360.50
364.50
359.00
228.50
241.50
251.50
250.00
253.50
251.50
253.00
248.50
248.50
250.00
244.50
242.00
242.00
239.50
240.50
244.50
241.00
240.50
238.50
239.00
240.00
240.50
240.50
248.50
239.50
235.00
243.50
244.50
245.50
244.50
244.50
238.50
239.00
266.00
278.50
279.00
277.50
269.50
276.50
276.50
274.50
269.50
269.00
273.50
269.50
271.50
272.50
266.50
270.00
272.50
270.50
267.00
273.00
269.50
274.50
267.50
264.50
265.50
265.50
270.50
268.50
264.00
258.00
261.50
260.50
259.00
257.50
258.50
261.00
259.50
269.50
267.00
266.50
263.50
261.50
266.00
262.50
262.50
394.50
399.50
390.50
394.00
385.50
394.50
389.00
397.00
394.50
382.50
389.50
382.50
389.00
383.00
382.50
382.50
381.50
383.50
379.50
382.50
378.50
338.50
326.50
338.50
340.50
352.50
351.50
340.50
343.50
341.50
340.00
339.50
344.50
338.00
336.50
333.50
335.50
342.50
336.50
334.50
282.50
221.50
219.50
220.50
221.00
221.50
221.50
222.00
218.50
218.50
219.50
222.50
219.50
219.50
229.50
234.50
225.50
228.00
231.00
228.50
226.50
224.50
225.50
226.00
225.50
226.50
225.50
225.50
224.50
225.50
225.50
225.50
225.50
225.00
226.50
223.50
226.00
225.00
225.50
228.50
224.00
225.50
223.50
228.50
224.50
224.50
226.00
225.50
226.50
234.00
225.00
223.50
224.50
226.00
226.50
228.50
229.50
223.50
221.50
220.50
223.00
223.50
224.50
221.50
221.50
223.50
201.50
282.00
334.50
335.50
333.50
326.50
321.50
320.00
319.50
318.50
318.00
317.50
318.50
317.50
318.00
313.50
315.50
317.50
314.50
314.50
315.50
312.50
309.50
298.00
298.50
300.50
295.50
299.00
295.50
296.50
298.00
294.50
295.50
295.50
297.50
295.50
292.00
296.50
295.50
296.50
297.00
294.50
295.50
292.50
295.50
178.50
179.00
178.50
185.50
184.00
183.00
178.50
177.50
177.50
182.50
177.50
178.00
178.50
179.50
176.50
177.00
178.50
176.50
177.50
178.00
178.50
179.00
177.50
179.50
179.00
178.50
177.50
178.50
180.00
178.50
176.50
179.50
179.50
179.50
178.00
178.50
178.50
178.00
179.50
178.00
180.50
177.50
180.50
179.50
177.50
179.00
178.50
178.50
178.50
177.50
177.50
179.00
177.50
186.00
183.50
185.00
184.00
177.50
178.00
179.50
176.50
176.50
177.50
177.50
177.50
177.50
178.50
177.50
178.00
175.00
177.50
175.50
177.00
177.50
177.50
178.50
177.50
179.50
179.00
180.50
177.50
180.50
178.50
314.00
311.50
307.00
304.50
300.00
300.00
297.00
297.50
296.50
297.50
297.50
296.50
298.00
295.50
293.50
284.50
273.00
273.50
276.50
274.00
276.50
282.50
278.50
279.50
273.50
271.50
272.50
274.50
274.50
273.00
271.50
272.50
271.00
270.50
272.50
272.00
273.50
271.50
271.50
155.50
154.50
155.50
156.00
154.50
155.50
165.00
161.50
159.50
159.50
158.50
156.50
153.50
155.50
154.50
157.50
155.50
155.50
153.50
155.00
157.00
159.50
178.00
172.00
161.50
160.50
164.00
162.50
165.50
164.00
164.50
165.00
163.50
165.00
161.00
164.50
161.50
164.50
159.50
164.00
163.50
161.50
162.50
162.50
163.50
159.50
159.50
160.00
162.50
162.50
162.50
159.50
159.50
161.50
161.00
161.50
154.50
155.50
154.50
156.00
160.50
158.50
158.50
154.00
155.50
153.00
153.50
155.00
155.50
155.50
160.50
156.50
156.00
156.50
155.50
160.50
159.50
158.50
160.50
158.50
157.50
155.00
156.00
156.00
168.50
161.00
163.00
160.50
162.00
161.00
287.50
296.50
294.00
292.50
288.50
283.50
289.00
279.50
282.50
280.50
280.00
280.50
278.50
281.50
279.50
280.50
279.00
277.00
274.50
273.50
272.00
273.50
273.50
273.50
274.50
271.50
274.50
273.00
273.50
273.50
273.00
269.50
270.50
270.50
269.50
271.50
271.50
270.50
272.50
271.50
154.00
156.50
155.50
156.50
156.50
162.50
162.50
165.50
163.50
162.50
159.50
160.00
162.50
162.00
165.50
165.50
163.50
166.50
164.50
161.50
161.50
160.50
165.50
162.50
162.50
162.50
160.50
164.00
162.50
157.50
155.50
159.00
160.50
159.50
159.00
157.50
155.50
157.50
156.50
158.50
154.50
153.50
152.50
290.50
294.50
297.50
295.50
291.50
291.50
290.50
295.00
289.50
290.00
291.50
290.00
290.50
287.50
288.50
300.50
288.50
288.00
290.50
288.50
292.00
292.50
174.50
170.50
178.50
171.00
169.50
173.50
171.50
168.50
168.50
168.00
169.50
167.00
168.50
168.50
171.00
169.50
218.50
216.50
217.50
219.50
216.50
217.50
216.50
217.50
218.00
217.50
224.50
223.00
223.50
223.50
220.50
222.00
222.50
222.50
222.00
223.50
225.50
222.00
222.50
223.50
223.50
223.50
224.50
225.50
223.50
224.50
222.50
224.00
223.50
224.50
224.50
221.50
225.50
243.50
217.50
215.50
217.50
218.00
335.50
337.50
340.50
344.00
347.50
348.50
350.50
351.50
1471.50
1458.50
361.00
351.00
352.50
354.50
353.50
356.50
359.50
357.50
356.50
1459.50
360.00
358.50
356.50
357.50
356.50
357.50
356.50
910.00
468.00
475.50
472.00
471.50
465.50
461.50
460.00
458.50
459.50
457.00
458.50
453.50
453.50
455.50
455.00
468.50
469.00
470.00
469.00
466.50
467.00
465.50
486.00
465.50
465.50
1011.00
466.50
464.50
467.00
466.00
467.00
1556.50
467.00
466.00
1556.50
465.50
1560.50
467.50
468.50
370.50
357.50
356.50
911.50
356.50
365.50
1462.50
356.50
1463.50
343.50
1449.00
343.50
1449.50
900.00
344.50
1456.50
341.50
341.50
341.50
342.50
342.00
336.50
336.50
344.50
342.50
342.50
343.00
342.50
341.50
336.00
334.50
336.50
337.00
338.50
337.50
338.50
337.00
338.50
352.50
348.00
340.50
341.50
342.00
343.50
342.50
342.50
344.50
342.50
343.50
356.50
360.50
354.50
355.00
356.00
355.50
359.50
356.50
354.50
355.00
355.00
355.50
356.50
353.50
353.50
353.50
354.00
355.50
352.50
355.50
356.50
355.50
355.50
355.00
353.50
355.50
354.00
357.00
358.50
355.50
356.50
355.50
476.50
482.50
483.00
479.50
476.50
474.00
470.50
468.50
467.50
455.50
453.50
452.00
453.00
452.50
451.50
451.50
461.50
457.00
456.00
454.50
457.50
455.50
454.50
454.50
455.00
455.00
453.50
455.50
452.50
449.50
447.50
451.00
448.00
448.50
449.50
447.50
447.50
334.50
335.00
334.50
335.00
334.50
335.50
332.50
334.00
334.50
334.50
333.50
333.50
334.50
336.00
335.50
334.50
334.50
335.50
335.50
333.50
334.50
334.50
335.50
360.50
359.50
362.00
360.50
384.50
391.50
382.50
378.50
711.00
740.50
822.50
744.00
742.00
741.50
742.50
744.00
743.50
741.50
745.50
743.50
744.00
907.50
914.50
910.50
912.00
907.00
903.50
902.50
899.50
898.50
894.50
893.25
908.00
911.00
910.50
906.00
908.00
903.00
905.00
905.50
897.00
889.50
887.50
897.00
905.50
908.00
546.50
542.00
539.00
540.50
538.00
540.50
537.50
539.50
538.00
539.00
541.00
542.00
540.00
541.50
543.00
542.00
541.75
908.50
904.00
906.00
908.00
545.00
542.00
540.00
541.00
914.25
904.00
798.00
795.50
428.00
427.00
424.75
426.25
427.00
429.50
795.75
795.00
789.00
798.00
790.50
791.00
431.25
427.00
426.00
622.50
794.50
791.00
787.00
428.50
442.00
432.00
432.00
815.00
793.50
791.00
790.00
426.00
428.75
426.00
429.00
816.00
789.50
789.00
791.00
425.00
427.00
428.50
426.25
791.50
792.00
789.00
434.50
428.50
432.00
431.50
800.50
792.00
792.00
792.00
428.50
426.75
425.00
421.00
786.75
784.50
784.00
421.50
425.00
422.50
423.50
422.50
789.50
785.00
786.00
424.50
423.00
423.25
424.00
802.00
788.50
916.00
925.00
918.50
914.00
910.00
906.50
537.75
536.50
544.50
542.00
912.75
908.00
907.00
725.25
543.50
544.50
541.25
739.50
910.50
906.00
906.50
545.50
541.50
543.50
539.00
912.25
909.00
908.00
542.50
542.50
541.50
541.50
539.25
905.75
899.00
899.00
900.00
540.50
540.50
542.50
507.75
800.50
791.00
788.75
788.00
424.50
424.50
423.50
424.50
423.00
407.00
407.00
408.00
408.25
410.50
410.50
410.00
570.50
628.50
623.50
619.50
617.50
617.50
617.00
614.50
615.50
616.00
616.50
615.00
613.50
609.00
610.50
610.00
608.25
608.50
608.25
720.50
739.00
738.50
735.00
735.00
726.50
724.50
723.50
724.50
723.50
725.50
724.00
723.00
720.75
726.50
724.50
725.00
718.75
718.50
722.50
722.00
722.50
720.75
720.50
718.50
718.50
720.00
720.00
720.50
720.00
725.00
723.00
725.25
724.00
717.00
718.25
719.75
717.00
716.75
717.50
719.50
604.25
605.50
606.00
603.75
603.00
605.50
604.50
614.00
629.75
606.50
605.25
607.50
610.50
616.50
611.50
611.50
1520.25
1504.50
1503.50
1464.00
1440.00
542.00
1489.50
1448.00
1443.50
544.50
2276.50
1463.25
554.50
556.50
554.00
563.50
553.50
670.00
681.50
682.50
679.00
675.00
671.50
671.00
667.00
665.50
668.00
666.50
670.50
667.00
666.50
668.00
665.50
665.50
669.00
669.50
666.50
668.50
665.50
668.50
664.50
668.50
667.50
668.50
664.00
664.50
663.50
662.50
659.50
659.50
656.50
658.50
659.00
659.00
661.00
691.50
692.50
693.00
697.50
717.50
711.50
599.50
597.00
597.50
594.50
594.50
598.50
595.50
591.50
593.00
605.00
606.50
606.50
611.50
605.50
601.00
601.00
604.50
604.50
598.50
603.50
605.50
602.00
599.50
603.50
601.50
605.00
602.50
603.50
606.00
603.00
618.50
608.50
603.00
605.50
612.50
609.50
597.50
600.50
571.00
577.00
574.50
575.00
570.00
571.50
574.50
571.50
572.50
565.50
698.00
697.50
709.50
718.50
713.50
713.00
709.50
708.50
709.50
707.00
709.50
706.50
705.50
706.00
709.50
708.50
706.00
708.50
704.50
706.50
704.00
701.50
700.50
704.50
703.50
703.50
703.50
703.50
703.50
708.50
704.00
706.50
703.00
695.00
702.50
685.50
684.00
685.00
684.50
684.50
686.00
682.50
681.50
570.50
570.50
568.50
573.00
575.50
575.50
576.00
574.50
573.50
574.50
572.00
574.50
573.50
574.50
574.50
576.00
572.00
579.50
579.50
579.00
574.00
573.50
572.00
571.00
573.50
573.00
574.50
571.50
572.00
572.50
573.50
571.50
574.00
573.00
576.50
568.50
571.00
572.50
577.50
574.50
576.50
574.50
586.00
578.50
578.50
572.50
576.00
573.50
574.50
577.50
574.50
572.50
572.50
573.50
684.50
705.00
702.00
705.50
710.50
706.50
794.50
696.00
697.50
694.50
693.50
696.50
740.00
696.50
700.50
698.50
700.50
698.50
696.00
695.50
696.50
696.50
697.00
695.50
691.50
694.25
694.00
694.50
695.00
691.50
692.50
691.50
693.50
688.50
687.50
687.50
681.50
684.50
681.00
680.00
682.50
678.00
678.50
685.00
684.50
680.50
679.50
682.50
682.50
682.50
834.00
831.00
830.00
830.00
831.00
834.00
835.50
833.50
829.00
832.00
832.00
834.00
840.00
863.00
842.00
862.00
863.00
864.50
864.00
865.00
870.00
861.00
863.00
897.00
887.50
881.50
884.50
773.00
762.00
766.00
774.00
771.00
772.00
769.00
769.00
768.00
767.00
766.50
851.00
769.00
770.00
769.50
763.00
767.50
767.00
768.00
769.00
770.00
767.00
756.00
763.00
760.50
764.00
764.00
768.00
765.50
763.00
761.50
762.00
763.00
769.00
766.00
779.00
771.00
770.50
771.00
770.00
769.00
772.00
877.00
885.00
884.00
883.00
880.00
877.50
874.00
872.00
871.00
870.50
868.00
869.00
869.50
871.00
869.00
868.50
868.00
865.00
864.50
862.00
866.50
862.50
863.00
863.00
863.00
862.00
859.00
862.00
861.00
860.00
857.00
862.00
861.00
860.50
858.50
852.00
854.00
856.00
856.00
856.00
854.00
858.50
855.00
858.00
862.50
867.00
867.00
750.00
755.00
747.00
746.00
747.00
746.00
749.50
750.00
751.00
750.00
750.50
753.00
752.50
751.50
751.00
751.00
748.50
748.00
748.00
748.00
748.00
748.00
753.50
755.00
754.00
754.00
748.00
750.00
751.00
750.50
751.00
753.00
750.00
752.00
750.50
748.50
749.00
750.00
750.50
756.00
767.50
759.50
758.00
760.00
756.00
752.00
755.50
751.50
754.00
753.00
755.00
757.00
754.50
752.00
753.50
754.00
879.50
887.00
885.50
879.50
873.00
875.50
875.00
873.00
868.00
871.00
871.50
874.00
873.00
871.50
869.00
867.00
865.00
863.50
868.00
863.00
865.50
860.00
865.00
857.00
860.00
868.00
867.50
868.00
869.00
867.00
867.00
865.50
864.00
866.00
865.00
864.00
862.00
864.00
862.00
858.50
859.50
868.00
868.00
867.00
759.00
761.00
613.00
603.50
602.00
602.50
599.50
604.00
599.50
599.50
596.50
595.50
592.50
597.50
598.00
597.00
596.50
596.50
597.00
597.50
599.50
597.00
597.50
596.50
596.00
598.00
597.00
597.50
596.50
598.50
598.50
596.00
599.50
596.50
595.50
601.00
600.50
597.50
572.50
575.50
571.50
570.00
536.50
535.50
536.50
553.00
558.50
561.50
561.00
542.50
547.00
677.00
654.00
609.50
606.00
599.50
599.00
596.00
595.50
593.50
610.50
637.00
610.50
612.50
612.00
608.50
612.50
613.00
610.50
607.50
605.50
603.50
604.50
607.50
606.00
604.00
605.50
604.50
604.50
602.50
604.00
603.50
588.50
590.50
597.00
594.50
594.00
594.50
595.50
594.50
594.00
478.50
479.50
479.50
479.50
479.50
479.00
480.50
480.00
479.50
475.00
474.50
477.50
473.50
475.50
474.50
476.50
475.50
484.50
477.50
480.50
459.50
457.50
454.50
451.50
451.50
451.50
450.50
451.50
452.50
452.00
451.00
453.50
452.00
463.50
461.50
460.50
456.00
457.00
458.00
458.50
458.50
458.00
456.00
454.50
456.00
458.50
457.50
458.50
457.50
455.50
456.50
455.50
457.00
457.50
457.00
457.00
456.50
457.50
456.50
457.50
592.50
593.00
589.50
590.50
583.50
573.00
574.50
573.50
572.50
573.50
572.50
572.00
566.50
568.50
570.00
570.50
571.50
569.50
569.50
569.50
567.50
573.00
571.50
570.50
569.00
571.50
570.50
571.50
570.00
568.50
568.00
571.50
574.00
574.50
573.50
573.50
573.50
572.00
573.00
575.50
572.50
459.50
460.50
457.50
459.50
461.00
460.50
460.50
459.50
461.50
457.50
461.00
460.00
462.50
456.50
454.50
454.50
455.50
456.50
455.50
456.50
455.50
455.50
455.50
456.00
456.50
458.00
456.00
457.50
455.50
457.00
456.50
456.50
455.50
457.50
456.50
453.50
454.50
456.50
455.50
453.00
454.50
458.00
460.00
457.00
460.50
459.50
457.50
460.50
458.00
459.50
457.50
458.50
461.00
459.50
459.00
458.50
458.50
458.50
457.00
457.00
459.50
456.00
456.50
457.50
456.00
451.00
450.50
451.50
453.00
588.50
585.00
583.50
579.50
576.50
575.50
573.00
570.50
571.50
571.50
570.50
572.50
571.50
570.00
570.00
570.50
570.00
570.50
571.50
573.50
570.50
571.50
572.50
577.50
578.50
576.00
577.00
575.50
577.50
579.00
577.50
577.50
575.50
577.50
577.50
576.00
578.50
578.50
575.50
578.00
576.50
573.50
458.50
460.50
462.50
461.50
458.50
490.00
495.50
497.00
498.50
461.50
461.50
459.50
460.50
460.50
462.00
464.50
459.50
459.50
460.50
460.50
460.00
459.00
461.50
468.50
461.50
458.50
455.50
458.50
458.50
460.50
459.00
457.00
456.50
459.50
458.50
457.50
457.50
456.50
456.00
458.50
458.50
457.50
459.50
459.50
461.00
460.50
459.00
459.50
457.00
456.50
459.00
459.50
458.50
458.50
459.50
450.50
451.50
453.00
453.00
453.50
451.00
456.00
452.50
452.50
455.00
455.50
453.50
452.00
452.00
454.50
452.50
585.00
584.50
584.50
581.00
575.50
573.50
491.00
411.00
408.50
410.50
410.00
416.50
416.50
414.50
415.50
414.50
417.50
416.50
415.50
418.50
416.00
415.50
416.50
415.50
414.50
415.50
413.00
416.00
412.50
414.50
414.00
413.50
414.50
414.50
410.50
409.50
409.50
410.50
406.50
406.50
297.50
297.00
296.50
298.00
297.50
297.00
297.00
296.50
296.50
295.50
299.50
295.50
295.50
296.50
297.00
296.00
297.50
296.50
300.00
301.50
301.00
302.50
301.50
303.50
302.50
301.50
289.00
292.00
289.50
291.50
291.00
290.00
290.50
290.50
290.50
290.50
289.50
289.50
290.50
290.50
291.50
285.50
283.50
285.50
284.00
285.50
284.00
285.00
284.50
285.50
285.50
284.00
285.50
285.50
284.00
283.50
285.50
285.50
283.50
284.50
284.50
284.50
283.50
414.50
412.00
413.00
406.50
405.00
407.50
405.50
404.00
403.00
402.50
403.50
404.00
403.50
402.50
404.00
401.50
400.50
402.00
401.50
402.50
400.50
401.50
400.50
403.50
402.00
401.50
402.50
400.00
396.50
406.50
401.00
401.00
400.50
398.50
401.00
399.50
400.50
399.50
402.50
400.50
400.00
399.50
397.50
287.50
289.50
296.50
287.50
288.50
288.50
288.50
288.50
287.50
289.50
288.00
288.50
287.50
288.50
288.00
286.50
289.50
291.50
289.50
287.50
290.50
291.50
291.50
290.50
289.00
290.50
291.50
289.50
290.50
291.50
290.50
289.00
290.50
290.50
287.50
285.50
285.50
284.50
286.50
286.00
285.50
284.50
285.50
285.00
285.50
284.50
284.50
284.50
285.50
284.00
286.00
285.00
286.50
233.00
115.50
133.50
133.50
134.00
137.50
137.50
101.00
107.00
107.00
291.50
105.50
106.50
105.50
106.50
104.50
105.50
107.50
104.50
105.50
232.00
238.50
234.50
233.00
230.50
225.00
223.50
226.50
223.00
222.50
222.00
214.50
215.00
217.50
521.50
516.50
514.00
510.50
508.50
510.00
509.50
510.50
512.50
512.50
572.50
573.50
573.50
573.00
571.50
573.00
572.00
574.50
572.50
574.00
573.00
574.50
574.50
579.50
579.00
578.00
577.50
579.00
579.00
521.00
519.50
519.50
313.00
107.50
108.50
107.00
105.50
107.50
107.00
109.50
106.50
106.50
106.50
106.50
106.50
107.00
105.00
100.50
101.00
101.50
102.50
102.50
102.50
101.50
101.50
101.00
101.50
101.50
101.50
101.50
101.50
102.00
100.50
100.00
100.50
101.50
102.50
102.50
101.50
102.50
100.50
100.50
108.50
105.50
108.50
106.00
106.00
107.50
107.00
276.50
266.50
254.00
252.00
251.50
253.50
251.00
247.50
249.50
246.00
245.00
243.50
244.00
241.50
239.50
241.50
236.50
235.50
242.50
240.00
239.00
239.50
236.50
255.00
258.50
271.50
250.00
248.50
254.50
245.00
247.00
246.50
249.00
251.50
250.50
245.50
245.00
243.50
245.50
244.00
241.50
244.50
246.50
248.50
246.00
246.00
243.00
243.50
243.50
242.50
242.50
243.50
243.50
242.00
242.50
242.50
242.00
242.50
241.50
242.00
239.00
240.50
240.50
241.50
241.00
236.50
223.50
221.50
221.50
222.50
220.50
223.50
222.50
220.50
219.50
219.50
220.50
220.50
218.50
218.50
221.00
100.50
102.50
101.50
99.50
101.50
102.00
99.50
102.00
100.00
100.50
100.50
100.00
107.00
106.50
107.00
105.50
100.50
100.50
101.00
101.00
98.50
101.00
100.00
101.50
103.50
100.00
99.50
101.50
100.00
100.00
100.50
100.50
101.50
101.50
100.50
102.00
101.50
99.50
100.00
101.50
100.50
100.50
101.50
100.50
101.50
100.00
101.50
101.00
100.50
102.50
100.50
99.50
100.50
100.50
99.50
99.00
101.50
100.50
100.50
100.00
102.50
101.50
110.00
106.50
105.50
107.50
101.50
99.50
239.00
239.50
238.50
232.50
227.50
223.50
223.00
223.00
223.50
223.00
222.00
222.00
222.00
221.50
221.00
217.50
222.50
219.50
221.50
217.50
219.50
220.50
220.50
216.50
218.00
219.50
218.50
220.00
217.00
220.50
218.50
216.50
215.50
216.50
217.50
219.00
217.50
217.00
219.00
218.50
218.50
216.50
218.50
218.00
225.00
222.00
221.50
104.50
102.50
99.00
98.50
100.50
116.50
101.50
100.50
99.50
98.50
99.00
99.50
98.50
101.00
98.50
100.50
98.50
100.50
100.50
102.00
100.00
101.00
105.50
106.00
103.00
101.50
99.50
100.50
100.50
101.00
101.50
99.50
100.50
101.00
100.50
102.50
100.00
115.50
109.50
114.50
107.50
107.50
106.50
106.00
105.50
106.50
105.50
107.50
105.00
104.00
106.50
108.00
106.00
105.50
105.50
106.50
107.00
106.50
107.50
106.00
107.50
106.50
105.50
105.00
106.50
106.00
106.00
107.00
108.50
101.50
99.50
231.50
237.50
234.50
231.50
226.50
222.00
223.50
221.50
219.50
218.00
219.50
223.00
217.00
218.50
218.50
218.50
217.50
217.50
217.50
218.50
217.50
218.00
217.00
214.50
221.00
221.50
221.50
223.50
222.00
220.50
220.50
221.00
221.50
219.50
223.50
222.00
220.50
219.50
220.50
219.50
219.50
221.00
217.50
105.50
106.00
106.50
105.50
105.00
100.00
100.50
101.00
99.50
100.50
101.00
101.00
101.50
101.50
100.50
99.50
101.00
101.50
102.50
101.50
101.50
100.50
101.50
98.50
101.00
99.50
101.50
100.00
101.50
100.50
101.50
108.50
106.50
107.50
106.00
105.50
106.50
106.00
107.50
105.50
106.00
106.50
106.50
106.50
107.00
106.00
107.50
106.00
105.50
105.50
104.00
107.50
104.50
107.50
107.00
100.50
99.50
101.00
101.50
101.50
100.50
101.00
100.00
101.50
101.00
101.00
100.50
99.50
101.50
101.50
100.50
99.50
100.50
101.00
100.00
101.50
225.50
232.50
235.50
231.50
231.50
227.50
224.50
224.00
223.00
224.50
224.50
224.50
224.50
222.00
221.50
221.50
223.50
223.50
222.50
222.50
222.50
222.00
221.50
221.50
222.00
222.50
222.00
222.50
217.50
226.50
222.00
221.00
219.50
222.50
223.00
222.50
222.50
219.00
220.00
218.50
106.50
106.50
107.00
110.00
105.50
113.50
117.50
106.00
105.50
106.50
105.50
105.00
104.50
107.50
107.50
107.50
107.50
106.00
106.50
105.50
104.50
107.50
105.50
106.00
107.50
104.50
106.50
105.50
104.50
106.00
106.50
106.00
105.50
106.50
107.50
105.50
105.50
106.50
100.00
101.50
102.50
100.50
102.50
102.00
102.50
99.50
101.50
101.50
101.00
99.50
101.00
101.00
101.50
101.50
101.50
99.50
100.00
99.50
99.50
102.50
102.50
102.00
99.50
99.50
107.00
105.50
105.50
105.00
105.50
106.50
105.50
105.50
106.00
105.50
104.50
106.50
106.50
106.50
106.00
104.50
240.50
237.50
239.50
237.50
230.00
226.50
224.50
226.50
218.00
219.50
220.50
218.00
217.50
217.50
220.00
218.50
216.50
216.50
217.50
218.50
218.00
217.00
216.50
218.50
217.00
217.50
216.50
215.50
215.50
216.50
213.50
216.00
214.50
215.50
221.50
220.50
220.00
217.50
220.50
106.50
106.00
105.50
106.50
106.00
106.00
106.00
106.50
106.50
105.00
105.50
106.50
107.50
106.50
105.50
105.50
107.50
106.50
100.50
102.00
99.50
101.50
99.50
100.50
102.50
99.50
100.50
102.00
101.00
99.50
101.50
100.00
102.50
100.50
100.00
101.50
101.50
100.50
100.00
100.00
98.50
102.50
101.50
100.50
106.00
108.50
107.50
106.50
104.50
104.50
104.00
106.00
106.50
107.50
106.50
105.50
105.50
106.00
105.50
105.50
105.50
111.50
107.50
107.50
108.50
106.50
104.50
106.00
105.50
100.50
108.50
107.00
107.00
107.50
106.50
106.50
106.50
107.00
105.50
108.50
105.50
106.50
106.50
239.50
237.50
237.50
245.50
228.50
225.50
227.50
222.50
225.00
224.00
223.50
222.50
219.50
222.50
225.50
224.00
223.50
222.50
224.50
224.00
222.50
222.50
220.50
222.50
220.50
222.00
222.00
221.50
222.50
222.50
221.50
219.50
222.50
218.50
220.50
219.00
214.50
214.50
215.50
213.00
99.50
100.50
101.00
100.50
100.50
101.00
101.50
100.50
102.50
100.50
99.50
100.50
99.50
100.50
99.50
102.00
99.50
100.50
100.50
99.50
100.50
99.50
99.50
107.50
109.50
105.00
105.50
107.00
104.50
107.00
105.50
104.50
106.50
107.50
106.50
106.00
106.00
105.50
106.50
107.50
105.50
105.50
106.00
105.00
105.50
105.50
105.00
99.50
102.00
100.00
100.50
100.50
99.00
99.50
99.50
100.00
101.00
100.50
101.50
100.50
99.00
100.50
97.50
100.00
98.50
99.50
100.50
99.50
101.00
100.50
100.50
100.50
100.50
107.50
107.50
107.50
105.50
106.50
106.50
105.50
107.50
105.50
105.00
106.50
106.50
108.00
237.50
240.50
235.50
234.50
228.50
227.50
222.50
223.50
223.50
223.50
218.50
221.50
218.50
217.50
217.50
217.50
216.00
217.50
216.50
216.00
219.50
218.50
216.50
217.50
217.00
217.50
215.00
216.50
217.50
216.50
216.50
215.50
214.50
213.50
214.50
214.50
221.50
218.50
106.50
106.50
105.50
105.50
106.50
107.00
105.50
108.50
107.00
104.50
104.50
105.00
105.00
105.50
106.50
104.50
106.50
107.00
106.00
105.00
105.50
102.00
99.50
108.50
105.50
107.50
106.50
108.00
106.50
102.50
106.50
106.00
107.50
106.50
106.50
107.50
107.00
105.50
107.50
121.00
110.50
107.00
105.50
104.50
106.00
106.00
105.50
107.00
105.50
107.00
106.00
105.00
104.50
106.50
106.00
103.50
108.50
106.00
106.00
105.50
105.50
104.50
104.50
107.00
107.50
105.00
105.50
108.00
106.00
107.50
106.00
99.50
101.50
100.00
101.50
102.50
100.00
102.00
101.50
102.50
101.00
102.50
101.50
102.00
101.50
97.50
231.50
234.00
234.50
232.50
227.50
221.50
221.50
220.50
217.50
216.50
220.00
222.50
222.50
223.50
224.00
222.00
221.50
221.50
223.50
220.50
220.50
220.50
221.00
221.50
223.50
220.50
221.50
220.00
221.50
219.50
220.00
218.00
219.50
220.50
220.50
217.50
214.00
213.50
213.50
214.50
214.50
213.00
159.00
99.00
100.50
100.50
99.50
99.50
99.50
100.50
100.00
101.50
102.50
101.50
101.50
98.50
110.50
100.50
100.50
102.00
100.00
100.00
100.50
99.50
109.50
107.50
105.50
105.50
105.50
105.50
104.50
105.50
135.50
139.00
137.50
138.50
104.50
105.50
104.50
106.50
104.50
106.50
106.50
106.50
128.00
139.50
142.00
140.50
142.50
139.50
136.50
139.00
101.50
100.50
99.50
101.00
102.50
99.50
100.00
100.50
100.50
101.50
100.50
100.50
99.50
101.00
101.00
102.50
101.50
101.50
101.50
100.00
101.50
101.50
119.00
129.00
122.50
122.00
121.50
119.50
120.50
305.00
307.00
302.00
304.00
308.00
307.00
308.50
307.00
309.00
308.00
308.00
308.00
307.00
307.00
307.00
307.00
439.50
435.50
432.00
436.00
427.00
426.00
425.00
423.00
422.00
421.00
423.50
423.50
421.00
407.00
405.50
412.50
412.50
413.00
422.50
405.00
405.00
401.00
403.00
402.00
401.00
403.00
402.00
404.50
405.00
403.00
403.00
404.00
398.00
397.50
400.00
398.00
397.00
397.00
341.00
286.00
284.00
282.00
282.00
280.50
281.00
280.00
280.50
281.50
279.00
279.00
279.00
100.50
98.50
101.00
100.50
98.50
98.50
100.00
99.50
1008.00
1006.50
1005.00
1006.50
1003.50
143.00
101.50
183.50
102.00
101.50
101.00
100.50
101.50
100.50
206.50
1048.50
1004.50
1002.00
240.00
240.50
2051.50
2037.00
2020.00
221.50
220.00
218.50
217.50
218.50
218.50
218.50
219.00
217.00
219.50
217.50
217.50
217.50
216.50
216.00
217.50
215.50
216.50
216.00
216.50
216.50
215.50
214.50
216.50
216.00
218.00
214.50
216.50
214.50
216.50
216.50
217.00
216.00
216.50
214.00
212.50
212.50
101.50
102.00
83.50
86.50
105.00
97.50
98.50
100.00
101.00
105.50
105.50
108.50
106.50
128.50
129.00
130.50
128.50
132.00
126.00
131.00
129.50
129.50
127.50
126.50
126.50
130.50
129.50
130.50
129.50
130.00
130.00
128.50
130.50
135.50
124.50
125.50
125.00
123.50
123.00
122.00
127.00
286.00
284.00
286.00
285.00
285.00
287.00
284.00
286.00
287.00
286.50
287.00
286.00
285.00
284.50
285.00
283.50
286.00
287.00
299.00
291.50
292.00
290.50
289.00
290.00
291.00
287.50
291.00
292.00
291.00
423.00
423.00
420.50
417.00
400.00
396.00
390.00
393.50
392.00
392.00
392.50
394.00
392.00
393.00
392.00
392.00
392.00
391.00
391.00
392.00
391.00
391.00
391.00
391.00
389.00
386.00
385.00
386.00
391.00
388.00
384.00
395.50
404.00
388.00
389.00
301.00
315.00
332.00
424.00
2067.00
426.00
426.00
423.00
301.00
300.00
301.00
301.00
1556.50
1541.75
1537.50
1534.00
1536.25
1536.00
1535.00
1534.00
1531.00
295.00
295.50
295.50
295.00
296.00
297.00
294.00
294.00
294.00
293.00
108.50
1380.00
1368.00
1366.50
1361.00
1359.50
133.50
1366.50
1356.00
217.50
134.50
133.50
133.00
133.50
133.50
134.50
140.50
271.50
274.00
272.50
268.50
264.50
262.50
263.50
259.50
1169.50
1171.50
1162.50
1159.50
1203.00
1167.00
255.50
259.50
258.50
256.50
259.00
259.50
260.50
261.50
259.50
258.50
256.50
251.50
278.50
265.50
269.50
264.50
252.00
238.50
240.50
241.00
216.50
216.50
217.00
214.50
215.50
217.50
216.50
216.50
217.50
215.50
214.50
215.50
216.50
218.50
216.50
101.50
103.00
106.50
109.50
107.00
110.00
107.50
108.50
109.50
109.50
108.50
106.00
107.50
95.50
93.50
93.00
91.50
92.50
89.00
93.50
92.00
94.50
89.50
91.50
93.50
87.50
86.50
83.50
87.00
87.00
87.50
85.50
85.50
84.50
87.50
89.50
86.50
87.50
87.50
85.50
87.50
87.00
87.00
85.50
87.50
88.50
85.50
83.50
84.50
84.50
82.50
83.50
83.50
82.50
83.50
84.50
88.50
89.50
89.50
87.50
82.00
83.00
85.50
83.50
84.00
88.00
83.50
84.50
84.50
84.50
85.50
83.50
85.50
81.00
84.50
83.50
83.50
84.50
218.50
217.50
216.00
212.50
208.50
213.50
213.00
209.50
207.50
209.00
203.50
202.00
201.00
201.50
203.50
203.00
202.50
201.50
200.50
202.50
201.50
210.50
215.50
203.50
214.50
206.00
206.50
208.50
207.50
205.50
207.50
206.50
205.50
206.00
205.50
205.00
205.50
207.50
204.50
88.50
87.00
89.50
88.50
88.00
88.50
87.50
85.50
89.50
89.00
89.50
84.50
83.50
82.50
83.00
74.50
83.50
82.50
82.50
84.50
84.00
82.50
83.00
83.00
217.50
219.00
217.50
213.50
207.50
204.00
203.50
201.00
202.50
201.00
202.50
202.50
200.50
201.50
200.00
200.50
206.50
207.50
206.50
206.50
208.50
206.50
205.50
204.50
205.50
206.00
204.50
205.50
205.00
206.50
203.50
205.50
203.00
203.50
204.50
203.50
148.00
88.50
87.50
89.50
82.50
81.50
83.00
83.00
82.50
81.50
83.00
82.50
82.50
84.00
83.50
82.50
84.50
82.50
83.50
82.50
84.50
82.50
82.50
82.50
83.50
83.50
82.50
82.50
84.50
82.50
81.50
81.50
90.00
87.50
88.00
88.50
89.00
88.50
88.50
89.50
88.50
88.50
88.50
88.50
88.50
87.50
87.50
87.50
88.50
87.50
87.50
88.50
88.50
88.00
88.50
87.00
88.00
88.50
83.50
98.00
88.00
88.50
88.50
88.50
88.50
87.50
89.50
88.50
88.50
89.50
87.50
88.50
88.50
89.00
89.50
93.50
92.00
88.50
89.50
87.50
88.50
87.50
90.00
90.50
87.00
89.00
88.00
218.00
222.50
222.00
218.50
214.50
211.50
211.50
209.50
209.50
209.50
209.00
208.50
210.00
207.00
206.50
207.50
206.50
206.50
207.50
208.50
206.00
202.00
201.50
200.50
200.50
201.50
198.50
201.50
201.00
201.50
200.00
200.50
199.00
198.50
199.50
199.50
197.50
84.00
82.50
82.00
83.50
82.50
82.50
82.00
82.50
82.50
83.00
82.50
90.00
86.50
88.50
87.50
99.50
88.50
89.50
88.50
86.00
88.50
88.50
88.50
86.50
86.50
88.00
88.50
88.50
88.50
88.50
87.50
88.50
87.50
88.50
88.50
87.50
87.50
88.50
93.50
89.50
82.50
84.50
82.50
82.50
85.50
82.50
82.50
90.50
82.00
81.50
83.50
82.50
82.50
81.50
82.00
82.50
81.50
81.50
83.50
82.50
81.50
82.50
81.50
82.50
81.50
216.50
204.50
205.50
206.50
203.50
204.50
205.50
205.50
204.50
205.50
144.00
87.50
87.50
86.75
86.50
89.00
87.00
89.50
88.50
87.50
87.50
87.50
88.50
83.00
86.50
87.50
88.00
89.50
88.50
89.00
92.00
88.50
89.50
88.50
90.50
87.50
87.50
88.00
89.50
87.50
91.00
93.50
88.50
89.00
88.50
87.50
86.50
88.50
88.50
90.50
88.50
88.50
87.50
88.50
86.50
88.50
87.00
89.00
89.50
89.50
89.00
86.50
88.50
89.00
89.00
89.00
88.50
87.50
89.50
89.50
88.00
89.00
88.00
88.00
82.50
82.50
83.50
83.50
81.50
82.50
83.00
83.50
83.50
84.50
83.00
82.50
84.50
84.50
83.50
83.50
84.50
83.50
82.50
84.50
82.50
83.50
215.50
217.00
217.00
216.50
212.00
212.50
212.00
210.00
209.00
206.50
209.50
208.00
208.00
207.50
205.50
207.00
206.50
206.00
205.50
204.50
206.50
206.50
206.50
203.50
205.50
205.00
205.50
204.50
200.50
198.50
201.00
199.50
199.50
200.50
199.50
197.50
84.50
82.00
82.50
83.50
83.00
83.00
82.50
83.50
82.50
83.50
83.50
82.50
