391.00
386.00
390.00
384.00
384.00
386.00
130.00
128.00
127.00
133.00
125.00
125.00
126.00
126.00
125.00
125.00
125.00
125.00
125.00
126.00
124.00
125.00
124.00
129.00
126.00
125.00
126.00
125.00
124.00
127.00
127.00
125.00
128.00
126.00
127.00
125.00
127.00
124.00
125.00
126.00
127.00
127.00
125.00
125.00
126.00
125.00
126.00
126.00
125.00
126.00
125.00
124.50
124.00
125.00
124.00
125.00
128.00
125.00
125.00
127.00
128.00
126.00
128.00
128.00
125.00
125.00
125.00
124.00
126.00
125.00
126.00
125.00
126.00
126.00
125.00
125.00
126.00
125.00
125.00
125.00
126.00
125.00
132.00
127.00
127.00
134.00
127.00
126.00
129.00
127.00
126.00
128.00
126.00
124.00
125.00
125.00
125.00
125.00
125.50
124.00
127.00
125.00
125.00
128.00
125.00
128.00
125.00
127.00
128.00
125.00
139.00
141.00
139.00
136.00
140.00
138.00
137.00
135.00
140.00
140.00
145.00
142.00
147.00
142.00
147.00
143.50
147.00
149.00
145.00
144.00
146.00
525.00
510.00
487.00
473.00
471.00
458.00
460.00
461.00
449.00
453.00
456.00
455.00
443.00
443.00
437.00
431.00
434.00
439.00
429.00
431.00
430.00
429.00
427.00
422.00
425.00
421.50
434.00
426.00
425.00
425.00
423.00
425.00
429.00
432.00
426.00
428.50
424.00
420.00
422.00
421.00
417.00
421.00
419.00
413.00
421.00
416.00
419.00
417.00
412.00
417.00
415.00
419.00
414.00
427.00
415.00
416.00
419.00
414.00
420.00
414.00
422.00
415.00
413.00
419.00
419.00
414.00
415.00
410.00
409.00
412.00
409.00
412.00
413.00
412.00
407.00
414.00
415.50
409.00
413.00
409.00
413.00
413.00
409.00
408.00
410.00
413.00
409.00
411.00
411.00
412.00
412.00
407.00
409.00
411.00
407.00
409.00
409.00
409.00
407.00
411.00
409.00
413.00
410.00
416.00
407.00
408.00
410.00
407.00
407.00
414.00
410.00
399.00
400.00
398.00
394.00
394.00
391.00
387.00
387.00
386.00
381.00
383.00
386.00
385.00
383.00
124.00
125.00
124.00
125.00
126.00
124.00
125.00
131.00
127.00
125.00
127.00
129.00
130.00
133.00
128.00
125.00
127.00
129.00
128.00
129.00
127.00
125.00
125.00
126.50
124.00
125.00
125.00
126.00
125.00
124.00
133.00
125.00
125.00
124.50
125.00
125.00
127.00
127.00
127.00
127.00
130.00
126.00
128.00
127.50
127.00
127.00
127.00
124.00
124.00
125.00
132.00
127.00
125.00
127.00
127.00
125.00
124.00
127.00
125.00
125.00
129.50
128.00
125.00
126.00
127.00
129.00
129.00
132.00
124.00
127.00
128.00
128.00
124.00
127.00
124.50
129.00
124.00
126.00
126.00
125.00
126.00
126.00
125.00
127.00
128.50
129.00
137.00
138.00
137.00
138.00
136.00
136.00
139.00
136.00
137.00
136.00
135.00
141.00
139.00
140.00
136.00
139.00
138.00
136.00
133.00
140.00
137.00
132.00
134.00
136.00
135.00
133.00
137.00
139.00
139.00
140.00
144.00
146.00
138.00
136.50
134.00
134.00
137.00
135.00
141.00
141.00
504.00
498.00
478.00
464.00
456.00
448.00
446.00
448.50
439.00
444.00
437.00
448.00
442.00
437.00
441.00
434.00
434.00
442.00
431.00
436.00
428.00
430.00
426.00
428.00
424.00
430.00
425.00
425.00
423.00
424.00
421.00
420.00
424.00
421.00
424.00
421.00
417.00
421.00
419.00
420.00
417.00
417.00
416.00
418.00
417.00
419.00
417.00
416.00
417.00
414.00
421.00
416.00
419.00
420.00
416.00
417.00
411.00
413.00
413.00
408.00
412.00
413.00
415.00
413.00
414.50
414.00
414.00
413.00
413.00
413.00
417.00
414.00
411.00
408.00
410.00
413.00
414.00
417.00
415.00
415.00
412.00
413.00
418.50
419.00
410.00
408.00
411.00
412.00
407.00
409.00
410.00
406.00
412.00
416.00
409.00
412.00
407.00
416.00
410.00
403.00
410.00
408.00
411.00
408.00
414.00
415.00
408.00
412.00
407.00
409.00
403.00
402.00
398.00
397.50
397.00
390.00
388.00
390.00
391.00
389.50
386.00
388.00
384.00
385.00
389.00
391.00
385.00
125.00
127.00
127.00
132.00
129.00
128.00
132.00
125.00
126.00
127.00
125.00
127.00
128.00
131.00
125.00
125.00
125.00
127.00
125.00
125.00
125.00
126.00
125.00
127.00
125.00
124.00
127.00
130.00
125.00
125.00
127.50
126.00
127.00
128.00
125.00
128.00
134.00
123.00
127.00
132.00
126.00
125.00
127.00
128.00
126.00
125.00
125.00
125.00
127.00
127.00
125.00
128.00
127.00
126.00
126.00
128.00
130.00
130.00
124.50
127.00
127.00
124.00
125.00
126.00
125.00
136.00
137.00
136.00
133.00
139.00
137.00
135.00
140.00
140.00
140.00
136.00
136.00
134.00
140.00
139.00
139.00
139.00
142.00
141.00
139.00
135.00
139.00
137.00
139.00
133.00
139.00
131.00
137.00
135.00
137.00
139.00
134.00
134.00
126.00
127.00
125.00
128.00
133.00
131.00
126.00
131.00
128.00
125.00
129.00
128.00
126.00
128.00
131.00
136.00
130.00
134.00
134.00
135.00
134.00
133.00
131.00
132.00
135.50
135.00
501.00
502.00
484.00
467.00
460.00
456.00
452.00
446.00
447.00
439.00
436.00
442.00
441.50
433.00
436.00
431.00
431.00
431.00
442.00
429.00
431.00
430.00
423.00
429.00
429.00
427.00
421.00
430.00
425.00
424.00
421.00
419.00
421.00
427.00
424.00
426.00
429.00
426.00
425.00
420.00
423.50
419.00
421.00
422.00
418.00
418.00
419.00
414.00
417.00
416.00
417.00
418.00
413.00
415.00
410.00
420.00
414.00
416.50
411.00
414.00
420.00
417.00
411.00
415.00
413.00
415.00
413.00
411.00
411.00
414.00
415.00
418.00
414.00
410.00
420.00
409.00
410.00
411.00
407.00
415.00
413.00
411.00
409.00
409.00
417.50
411.00
415.00
414.00
413.00
409.00
410.00
410.00
410.00
410.00
408.00
409.00
410.00
406.00
414.00
407.00
410.00
414.50
414.00
411.00
410.00
405.00
410.00
407.00
407.00
410.00
410.00
415.00
399.00
402.00
401.00
400.00
393.00
396.50
392.00
385.00
391.00
392.00
381.00
387.00
381.00
392.00
383.00
387.00
126.50
127.00
128.00
127.00
127.00
126.00
127.00
127.00
125.00
125.00
127.00
126.00
132.00
128.00
127.00
128.00
127.00
127.00
124.00
125.00
125.00
126.00
129.00
127.00
124.00
128.00
126.00
126.00
125.00
127.00
126.00
125.00
124.00
122.00
127.00
127.00
128.00
128.00
130.00
127.00
123.00
126.00
133.00
128.00
131.00
141.00
135.00
138.00
131.00
141.00
136.00
139.00
138.00
133.00
139.00
140.00
137.00
139.00
137.00
136.00
139.00
135.00
146.00
141.00
136.00
137.50
141.00
140.00
136.00
137.00
137.00
133.00
143.00
131.00
134.00
137.00
133.50
138.00
125.00
126.00
127.00
126.00
127.00
127.00
126.50
125.00
125.50
128.00
126.00
126.00
125.00
126.00
131.00
125.00
126.00
127.00
127.50
128.00
126.00
126.00
127.00
125.00
127.00
127.00
125.00
131.00
125.00
125.00
128.00
126.00
128.00
126.00
135.00
135.00
135.00
135.00
135.00
135.50
141.00
134.00
135.00
136.00
136.00
135.00
495.00
500.00
470.00
464.50
453.00
452.00
447.00
446.00
443.00
444.00
441.00
445.00
436.00
433.00
434.50
437.00
435.00
423.00
436.00
429.00
435.00
435.00
430.00
426.00
428.00
427.00
427.00
423.00
424.00
423.00
425.00
426.00
423.00
422.00
421.00
420.00
419.00
418.00
426.00
420.00
421.00
420.00
417.00
418.00
414.00
428.00
422.00
417.00
418.00
417.00
418.00
415.00
419.00
416.00
415.00
419.00
417.00
415.00
415.00
417.00
416.00
415.00
413.00
415.00
414.00
419.00
412.00
412.00
421.00
412.00
411.00
418.00
414.00
413.00
415.00
422.00
413.00
415.00
418.00
414.00
416.00
414.00
412.00
412.00
411.00
415.00
403.00
412.00
412.00
414.00
412.00
411.00
409.50
413.00
410.00
409.00
413.00
412.00
410.00
411.00
416.00
411.00
408.00
409.00
417.00
410.00
411.00
411.00
407.00
409.00
410.00
413.00
406.00
405.00
399.00
396.00
394.00
390.00
390.00
392.00
387.00
384.00
389.00
389.00
393.00
383.00
388.00
393.00
388.00
383.00
128.00
126.00
128.00
125.00
132.00
125.00
126.00
133.50
124.00
128.00
126.00
125.00
126.00
125.00
125.00
129.00
125.00
132.00
125.00
127.00
133.00
129.00
126.00
142.00
139.00
140.00
141.00
136.00
136.00
131.00
137.00
138.00
135.00
139.00
140.00
137.00
136.00
137.00
135.00
138.00
140.00
135.00
137.00
133.00
138.00
137.00
135.00
135.00
134.00
133.50
142.00
138.00
130.00
138.00
136.00
134.00
130.00
127.00
124.00
126.00
126.00
130.00
132.00
125.00
126.00
131.00
126.50
128.00
126.00
126.00
127.00
130.00
128.00
126.00
127.00
124.00
129.00
127.00
126.00
125.00
128.00
127.00
129.00
128.00
125.00
126.00
125.00
128.00
125.00
127.00
126.00
126.00
125.00
127.00
127.00
125.00
125.00
128.00
127.00
126.00
127.00
128.00
127.00
126.00
127.00
126.00
127.00
132.00
125.00
125.00
131.00
125.00
125.00
130.00
137.00
132.00
135.00
139.00
135.00
136.00
136.00
135.00
133.00
132.00
497.00
485.00
471.00
464.00
458.00
452.00
449.50
453.00
439.00
446.00
439.00
437.00
439.00
432.00
435.00
436.00
430.00
430.00
432.00
431.00
436.00
432.00
429.00
425.00
427.00
430.00
429.00
428.00
424.00
423.00
427.00
424.00
427.00
423.00
425.00
420.00
422.00
426.00
429.00
419.00
419.00
421.00
417.00
421.00
424.00
421.00
423.00
418.00
418.00
415.00
421.00
418.00
415.00
423.00
415.00
415.00
416.00
417.00
418.00
413.00
416.00
412.00
418.00
419.00
411.00
414.00
413.00
415.00
414.00
416.00
412.00
413.00
416.00
410.00
418.00
413.00
414.00
412.00
411.00
412.00
409.00
412.00
413.00
415.00
414.00
415.00
418.00
414.00
411.00
414.50
412.00
413.00
411.00
411.00
411.00
411.00
421.00
415.00
407.00
411.00
404.00
409.00
408.00
414.00
408.00
413.00
412.00
411.00
407.00
415.00
409.00
409.00
410.00
407.00
402.00
406.00
395.50
397.00
391.00
388.00
392.00
393.00
392.00
389.50
389.50
390.00
382.00
384.00
387.00
380.00
383.00
133.00
138.00
143.00
140.00
139.00
138.00
134.00
138.00
135.00
144.00
137.00
134.00
140.00
139.00
137.00
139.00
133.00
140.00
137.00
134.00
136.00
142.00
134.00
139.00
134.00
135.00
135.00
137.00
138.00
136.00
136.00
139.00
138.00
129.00
128.00
126.00
129.00
126.50
139.00
131.00
127.00
130.00
124.00
125.00
134.00
129.00
124.00
126.00
127.00
124.00
125.00
130.00
124.00
124.00
131.00
126.00
126.00
128.00
127.00
126.00
126.00
127.00
126.00
127.00
127.00
123.00
125.00
124.00
127.00
124.00
126.00
127.50
123.00
122.00
124.00
124.00
123.00
124.00
126.00
125.00
127.00
131.00
125.00
127.00
130.00
126.00
128.00
130.00
127.00
126.00
129.00
129.00
127.00
125.00
128.00
127.00
127.00
130.00
125.00
127.00
125.00
125.00
125.00
127.00
127.00
127.00
125.00
125.00
129.00
127.00
130.00
126.00
135.00
138.00
137.00
136.00
137.00
134.00
136.00
131.00
136.00
135.00
131.00
508.00
492.00
477.00
473.00
461.00
448.00
450.00
453.00
445.00
448.00
441.00
439.00
438.00
436.00
432.00
439.00
434.00
441.00
432.00
433.00
423.00
430.00
429.00
428.00
431.00
428.00
425.00
426.00
424.00
427.00
425.00
426.00
426.00
422.00
427.00
421.00
424.00
435.00
420.00
419.00
422.00
420.00
426.00
422.00
424.00
420.00
421.00
424.00
420.00
422.00
422.00
421.00
419.00
417.00
418.00
417.00
414.00
418.00
417.00
416.00
415.00
416.00
416.00
418.00
413.00
414.00
414.00
414.00
421.50
417.00
415.00
412.00
412.00
418.00
416.00
407.00
415.00
407.00
411.00
411.00
409.00
412.00
413.00
413.00
414.00
411.00
411.00
412.00
409.00
407.00
409.00
410.00
411.00
417.00
415.50
410.50
421.00
409.00
411.00
407.00
409.00
408.00
407.00
418.00
407.00
410.00
405.00
406.00
405.00
420.00
420.00
422.00
420.00
411.00
410.00
406.00
408.00
401.00
396.00
403.00
403.00
396.00
397.50
402.00
396.00
396.00
393.00
394.00
391.00
396.00
399.00
392.00
140.50
138.00
138.00
137.00
140.00
130.00
134.00
137.00
140.00
128.00
127.00
126.00
127.00
129.00
132.00
131.00
127.00
133.00
126.00
125.00
129.00
130.00
125.00
127.00
127.00
125.00
125.00
127.00
125.00
125.00
124.00
125.00
124.00
125.00
125.00
124.00
127.00
132.00
125.00
126.00
130.00
127.00
125.00
131.00
126.00
127.00
127.00
128.00
129.00
127.00
128.00
127.00
125.00
124.00
125.00
124.00
126.00
127.00
124.00
125.00
127.00
125.00
125.00
124.00
128.00
126.00
126.00
127.00
126.00
126.00
126.00
126.00
125.00
126.00
125.00
128.00
125.00
132.00
125.00
124.00
130.00
125.00
124.00
127.00
129.00
127.00
124.00
125.00
128.00
125.00
125.00
126.00
127.00
128.00
126.00
127.00
127.00
131.00
126.00
127.00
128.00
127.00
127.00
125.50
124.00
127.00
125.00
128.00
125.00
125.00
135.00
131.00
135.00
133.00
134.00
131.00
133.00
136.00
135.00
136.00
141.00
136.00
136.00
137.00
509.00
494.00
483.50
477.00
457.00
448.00
449.00
447.00
439.00
450.00
443.00
443.00
438.00
437.00
433.00
433.00
434.00
431.00
436.00
431.00
427.00
426.00
445.00
431.00
426.00
427.00
421.50
428.00
430.00
424.00
426.00
426.00
420.00
425.00
417.00
425.00
421.00
422.00
419.00
428.00
424.00
418.00
421.00
418.00
423.00
411.00
422.00
425.00
421.00
420.00
422.00
422.00
419.00
423.00
425.00
417.00
417.00
417.50
422.00
419.00
415.50
423.00
417.00
415.00
415.00
416.00
409.00
411.50
415.00
413.00
414.00
409.00
412.00
413.00
413.00
415.00
411.00
415.00
413.00
411.00
413.00
411.00
412.00
415.00
407.50
421.00
423.00
424.00
420.00
417.00
427.00
421.00
423.00
418.00
419.00
420.00
420.00
424.00
420.00
421.00
426.00
428.00
425.00
423.00
424.00
422.00
448.00
904.00
917.00
982.00
976.00
1128.00
1125.00
1111.00
962.00
959.00
2764.00
2909.00
2873.00
2806.00
2705.00
2715.00
2711.00
2741.00
2768.00
2774.00
2772.00
2798.00
2779.00
2782.00
2790.00
2781.00
2793.00
2795.00
2793.00
2798.00
2801.00
2807.00
2551.50
2569.00
2574.00
2573.00
2563.00
2562.00
2559.00
2549.00
2549.00
2549.00
2547.00
2547.00
2546.00
2543.00
2542.00
2557.00
2558.00
2556.00
2559.00
2563.00
2558.00
2557.00
2564.00
2563.00
2561.00
2558.00
2560.00
2562.00
2558.00
2565.00
2557.00
2559.00
2549.00
2548.00
2545.00
2560.00
2550.00
2554.00
2547.00
2551.00
2549.00
2545.00
2553.00
2545.00
2551.00
2554.00
2549.00
2551.00
2549.00
2549.00
2546.00
2544.00
2546.00
2542.00
2544.00
2543.00
2536.00
2536.00
2537.00
2534.00
2532.00
2533.00
2539.00
2539.00
2536.00
2544.00
2528.00
2537.00
2534.00
2529.00
2535.00
2538.00
2536.00
2537.00
2540.00
2542.00
2529.00
2537.00
2539.00
2536.00
2537.00
2532.00
2534.50
2525.00
2530.00
2539.00
2536.00
2534.00
2529.00
2527.00
2515.00
2513.00
2515.00
2525.00
2522.00
2519.00
2518.00
2527.00
2529.00
2530.50
2529.00
2677.00
2669.00
2676.00
2675.00
2686.00
2675.00
2684.00
2686.00
2686.50
2693.00
2690.00
2692.00
2689.00
2693.00
3068.00
3054.00
3036.00
3037.00
3026.00
3015.00
3007.00
2998.00
2992.00
2990.00
2980.00
2983.00
2992.00
2992.00
2987.00
2976.00
2979.00
2976.00
2971.00
2975.00
2979.00
2976.00
2973.00
2968.00
2971.00
2971.00
2974.00
2964.00
2970.00
2970.00
2809.00
2814.00
2805.00
2803.00
2812.00
2815.00
2823.00
2816.00
2813.00
2810.50
2808.00
2811.00
2807.00
2819.00
2810.00
2806.00
2807.00
2813.00
2818.00
2809.00
2814.00
2811.00
2811.00
2816.00
2818.00
2823.00
2815.00
2820.00
2821.00
2822.50
2806.00
2809.00
2826.00
2819.00
2816.00
2821.00
2815.00
2819.00
2820.00
2815.00
2821.00
2812.00
2817.00
2806.00
2808.00
2816.00
2801.50
2810.00
2807.00
2804.00
2805.00
2801.00
2807.00
2807.00
2818.00
2818.00
2817.00
3076.00
3067.00
3077.50
2847.00
2842.00
2847.00
1012.00
1013.00
998.00
580.00
589.00
693.00
694.50
538.00
538.00
537.00
537.00
538.00
534.00
537.00
539.00
534.50
537.00
532.00
540.00
539.00
532.00
541.00
543.00
538.00
541.00
541.00
535.00
538.00
536.00
536.00
541.00
535.00
533.00
539.00
536.00
533.00
536.00
534.00
541.00
533.00
533.00
548.00
538.50
534.00
532.00
544.00
531.00
533.00
533.00
533.00
529.00
535.00
541.00
530.00
532.00
543.00
530.00
537.50
527.00
532.00
533.00
535.50
532.00
534.00
532.00
532.00
534.00
531.00
532.00
530.00
532.00
533.00
534.00
532.00
534.00
537.00
530.00
532.00
531.00
525.00
524.00
526.00
517.00
514.00
518.00
507.00
506.00
503.00
513.00
557.00
556.00
587.00
586.00
588.00
589.00
576.50
581.00
572.00
569.00
578.00
580.00
580.00
315.00
325.00
320.00
324.50
318.00
319.00
314.00
317.00
314.00
320.00
320.00
322.00
328.00
322.00
320.00
319.00
317.00
320.00
324.00
320.00
315.00
316.00
327.00
316.00
319.00
322.00
312.00
317.00
324.00
318.00
319.50
309.00
311.00
319.00
322.00
326.00
319.00
324.00
323.00
319.00
310.00
319.00
316.00
316.00
313.00
316.00
316.00
314.00
313.00
466.00
463.00
466.00
466.00
459.00
458.00
470.00
456.00
459.00
304.00
306.00
307.00
305.00
310.00
307.00
305.00
308.50
309.00
306.00
306.00
305.00
306.00
305.00
308.00
306.00
307.00
308.00
318.00
315.00
318.00
316.00
311.00
312.00
314.00
468.00
397.00
397.00
397.00
396.00
396.00
396.50
481.00
481.00
484.00
484.00
483.00
481.00
482.00
481.00
492.00
485.50
491.00
495.00
492.00
487.00
491.00
496.00
491.00
496.00
491.00
495.00
495.00
492.00
492.00
492.00
487.00
257.00
257.00
256.00
258.00
247.00
255.00
257.00
605.00
613.00
602.00
594.00
586.00
579.50
588.00
576.00
574.00
577.00
564.00
567.00
561.00
626.00
866.00
624.00
615.00
606.00
606.00
598.00
605.00
612.00
738.00
611.00
612.00
621.00
622.00
617.00
623.00
624.00
859.00
1137.00
1136.00
1148.00
1179.00
1179.00
1182.00
1178.00
1180.00
1184.00
1180.00
1178.00
1181.50
1180.00
1180.00
1172.00
1171.00
1168.00
1171.00
1171.50
1170.00
1171.00
1173.00
1413.00
1163.00
1169.00
1167.00
1172.50
1165.50
1164.00
1412.00
1410.00
1161.00
1168.50
1161.00
1164.00
1169.00
1164.00
1164.00
1167.00
1165.50
1164.00
1131.00
1128.00
1129.00
1132.00
1130.00
1131.00
1132.00
1132.00
1136.00
1137.00
287.00
292.00
288.00
291.00
290.00
288.00
287.00
289.00
288.00
288.00
288.00
291.00
290.00
288.00
290.00
285.00
282.00
780.00
731.00
719.00
712.00
709.00
706.50
707.00
725.00
710.00
718.00
718.00
715.00
720.00
718.00
718.00
719.00
717.00
723.00
721.00
713.00
718.00
710.00
717.00
715.50
713.00
712.00
701.00
688.00
682.00
677.00
678.00
670.00
676.00
671.00
669.00
673.00
677.00
682.00
672.00
672.00
668.00
668.00
667.00
662.00
671.00
664.00
662.00
669.00
655.00
659.00
655.00
655.00
653.00
646.00
656.00
649.00
648.00
652.00
648.00
648.00
643.00
646.00
638.00
647.00
642.00
646.00
637.00
657.00
641.00
645.00
640.00
649.50
636.00
647.00
648.00
639.00
642.00
647.00
645.00
647.00
637.00
641.00
639.50
636.00
642.00
640.00
637.00
648.00
634.00
639.00
639.00
636.00
640.00
629.00
633.00
631.00
635.00
639.00
632.00
632.00
630.00
638.00
633.00
629.00
629.00
623.00
626.00
635.00
625.00
624.00
627.00
640.00
636.00
632.00
635.00
637.00
634.00
638.00
634.00
633.00
630.00
638.00
633.00
640.00
638.00
638.00
642.00
641.00
638.00
640.00
639.00
810.00
670.00
690.50
706.00
712.00
715.00
713.00
720.00
2957.00
3016.00
2983.00
2937.00
2894.00
2868.00
2870.00
2897.00
2921.00
2941.00
2975.00
2964.00
2963.00
2975.00
2994.50
2983.00
2978.00
2985.00
2982.00
2979.00
2987.00
2986.00
2991.00
2989.00
2979.00
2979.00
2978.00
2979.00
2978.00
2959.00
2969.00
2975.00
2980.00
2975.00
2986.00
2978.00
2970.00
2958.00
2964.00
2957.00
2970.00
2968.00
2973.00
2973.00
2967.00
2968.00
2990.00
1117.00
1109.00
1048.00
1043.00
635.00
632.00
640.00
638.00
635.00
636.00
637.00
631.00
628.00
648.00
633.50
622.00
623.00
627.00
623.00
622.00
632.00
626.00
628.00
629.00
631.00
618.00
632.00
624.00
622.00
622.00
629.00
632.00
630.00
625.00
625.00
624.00
618.00
625.00
625.00
627.00
632.00
624.00
622.00
624.00
623.00
625.00
631.00
623.00
626.00
625.00
619.00
621.00
617.00
612.00
614.00
621.00
612.50
613.00
618.00
618.00
629.00
616.00
616.00
619.00
616.00
620.00
622.50
622.00
618.00
621.00
611.00
622.00
616.00
620.00
618.00
619.50
614.00
621.00
610.00
623.00
633.00
622.00
630.00
629.00
622.00
622.00
628.00
622.00
622.00
630.00
625.00
621.00
625.00
624.00
618.00
617.00
616.00
619.00
615.00
614.00
611.00
616.00
617.00
620.00
616.00
614.00
639.00
611.00
611.00
611.00
611.00
606.00
621.00
621.00
611.00
607.00
604.00
606.00
601.00
594.00
587.00
586.00
576.00
577.00
572.00
568.00
566.00
562.00
560.00
560.00
561.00
560.00
563.00
562.00
572.00
555.00
570.00
557.00
557.00
561.00
563.00
550.00
557.00
559.00
558.00
551.00
560.00
554.00
561.00
549.00
548.00
549.00
548.00
547.00
509.00
2959.00
2978.00
2967.00
2899.00
2847.00
2829.00
2833.00
2862.00
2888.00
2903.00
2908.00
2913.00
2903.00
2905.00
2911.00
2914.00
2914.00
2912.50
2912.00
2913.00
2916.00
2912.00
2918.00
2922.00
2934.00
2925.00
2914.00
2912.50
2755.00
2754.00
2502.00
2505.00
2502.00
2502.00
2510.00
2494.00
2489.00
2493.00
2487.00
2489.00
2484.00
2488.00
2489.00
2486.00
2495.00
2492.00
2498.00
2493.00
2496.00
2480.00
2484.00
2477.50
2477.00
2478.00
2433.00
2432.00
2433.00
2435.00
2432.00
2428.00
2439.00
2433.50
2432.00
2431.00
2428.00
2430.00
2428.00
2435.00
2425.00
2422.00
2426.00
2424.00
2423.00
2426.00
2423.00
2423.00
2426.00
2423.00
2421.00
2421.50
2433.00
2427.00
2421.00
2418.00
2418.00
2416.00
2414.00
2417.00
2422.00
2418.00
2423.00
2424.00
2420.00
2427.00
2429.00
2419.00
2413.00
2413.00
2413.00
2415.00
2408.00
2411.00
2414.00
2410.00
2411.00
2413.00
2415.50
2415.00
2413.00
2412.00
2410.00
2412.00
2413.00
581.00
576.00
573.00
161.00
157.00
158.00
154.00
162.00
158.00
158.00
171.00
159.00
157.00
159.00
160.00
156.00
154.00
159.00
155.00
155.00
161.00
155.00
528.00
529.50
504.00
493.00
481.00
475.00
472.00
468.00
467.00
466.00
462.00
461.00
455.00
457.00
454.00
458.00
454.00
451.00
450.00
452.00
451.00
452.00
445.00
448.00
449.00
448.00
451.00
442.00
444.00
441.00
2272.00
2790.00
2789.00
2756.00
2687.00
2631.00
2629.00
2632.00
2654.00
2679.00
2685.00
2692.00
2695.00
2712.00
2706.00
2703.50
2701.50
2708.00
2712.00
2709.00
2704.00
2700.00
2697.00
2702.00
2698.00
2704.00
2693.00
2705.00
2708.00
2710.00
2700.00
2699.00
2697.00
2699.00
2691.00
2697.00
2699.00
2697.00
2693.00
2692.00
2692.00
2687.00
2679.00
847.00
849.00
847.00
841.00
426.00
428.00
428.00
432.00
428.00
429.00
425.00
423.00
422.00
428.00
428.00
423.50
430.00
425.00
425.00
426.00
421.00
432.00
426.00
424.00
432.00
431.00
439.00
435.00
444.00
436.00
433.00
429.00
416.00
422.00
418.00
422.00
411.00
412.00
413.00
418.00
407.00
406.00
407.00
412.00
406.00
402.00
398.00
405.00
408.00
402.00
397.00
400.00
147.00
148.00
148.00
144.00
143.00
143.00
150.00
137.00
136.00
137.00
134.00
135.00
135.00
144.00
2412.00
2466.00
2468.00
2430.00
2352.00
2339.00
2339.00
2352.00
2374.00
2381.00
2388.00
2391.00
2396.00
2396.00
2402.00
2407.00
2406.00
2405.00
2404.50
2401.00
2403.00
2406.00
2409.00
2407.00
2412.00
2412.00
2407.00
2407.00
2411.00
2412.00
2405.00
2405.00
2404.00
2403.00
558.00
558.00
558.00
136.00
139.00
135.00
135.00
143.00
139.00
137.00
134.00
143.00
137.00
134.00
143.00
137.00
135.00
139.00
135.00
135.00
135.00
134.00
135.00
135.00
143.00
135.00
134.00
137.00
138.00
135.00
133.00
142.00
137.00
137.00
139.00
134.00
134.00
134.00
133.00
133.00
134.00
135.00
134.00
134.00
140.00
134.00
135.00
135.00
134.00
135.00
141.00
135.00
135.00
136.00
137.00
136.00
137.00
138.00
134.00
136.00
137.00
136.00
133.00
135.00
135.00
136.00
135.00
134.00
133.00
132.00
136.00
135.00
134.00
138.00
134.00
134.00
134.00
133.00
136.00
135.00
498.00
495.00
476.50
470.00
457.00
456.00
453.00
2728.00
2767.00
2769.00
2725.00
2665.00
2651.50
2649.00
2650.00
2664.00
2683.00
2709.00
2705.00
2702.00
2703.00
2714.00
2711.00
2712.00
2707.00
2716.00
2712.00
2715.00
2712.00
2705.00
2716.00
2706.00
2707.00
2708.00
2704.00
2698.00
2710.00
2701.00
2700.00
2697.00
855.00
855.00
854.00
441.00
428.00
426.00
426.50
421.00
425.00
423.00
424.00
425.00
427.00
423.00
425.00
420.00
423.50
424.00
417.00
424.00
428.00
419.00
418.00
428.00
417.00
420.00
419.00
422.00
422.00
424.00
421.00
420.00
418.00
421.00
418.00
420.00
418.00
415.00
430.00
433.00
427.00
418.00
435.00
432.00
437.00
433.00
425.00
432.00
423.00
431.00
430.00
428.00
434.00
434.00
426.00
421.00
424.00
419.00
414.00
414.00
409.00
415.00
409.00
402.00
399.00
404.00
410.00
406.00
403.00
403.00
406.00
137.00
136.00
137.00
135.00
133.50
139.00
138.00
136.00
139.00
135.00
134.00
138.00
135.00
134.00
137.00
140.00
140.50
134.00
135.00
134.00
136.00
145.00
137.00
135.00
137.00
140.00
136.00
135.00
134.00
135.00
133.00
1941.00
2438.00
2438.00
2426.00
2383.00
2338.00
2332.00
2330.00
2325.00
2365.00
2380.00
2384.00
2393.00
2397.00
2399.00
2405.00
2408.00
2410.00
2409.00
2411.00
2412.00
2404.00
2412.00
2409.00
2411.00
2406.00
2407.00
2407.00
2407.00
2405.00
2407.00
2407.00
564.00
562.00
564.00
137.00
134.00
134.00
133.00
133.00
138.00
133.00
135.00
137.00
137.00
135.00
133.00
137.00
133.00
133.00
137.00
135.00
133.00
133.00
134.50
134.00
135.00
135.00
134.50
135.00
136.00
136.00
136.00
135.00
133.00
135.00
133.00
135.00
135.00
135.50
137.00
136.00
134.00
137.00
134.00
136.00
135.00
138.50
134.00
134.00
135.00
135.00
135.00
134.00
135.00
134.00
134.00
134.00
133.00
134.00
135.00
134.00
133.00
135.00
134.00
133.00
136.00
136.00
137.00
134.00
134.00
136.00
505.00
492.00
483.00
463.00
458.00
453.00
448.00
445.00
448.00
452.00
441.00
447.00
447.00
438.00
438.00
440.00
440.00
438.00
434.00
439.00
435.00
439.00
437.00
437.00
433.00
435.00
434.00
431.00
435.00
432.00
427.00
430.00
428.00
431.00
426.00
430.00
428.00
426.00
430.00
423.00
429.00
429.00
427.50
424.00
428.00
426.00
427.00
430.00
423.00
423.00
424.00
425.00
420.00
427.00
426.00
428.00
418.00
427.00
418.00
423.00
421.00
420.00
426.00
420.00
418.00
417.00
420.00
424.00
422.00
434.00
423.50
432.00
432.00
430.00
425.00
433.00
432.00
433.00
433.00
435.00
427.00
431.00
429.00
423.00
431.00
434.00
429.00
427.00
428.00
423.00
428.00
2661.00
2665.00
2666.00
2644.00
2599.00
2593.00
2581.00
2563.00
2579.00
2610.00
2647.00
2629.00
2630.00
2642.00
2386.00
2387.00
2389.50
2378.00
2382.00
2378.00
2376.00
2374.00
2379.00
2386.00
2380.00
2381.00
2380.50
2381.00
2379.00
2375.00
560.00
561.00
559.00
138.00
135.00
134.00
136.00
135.00
136.00
134.00
136.00
136.00
134.00
137.00
137.00
133.00
134.00
133.00
133.00
133.00
139.00
134.00
134.00
135.00
133.00
132.00
138.00
133.50
134.00
133.00
136.00
134.00
136.00
134.00
138.00
136.00
136.00
135.00
135.00
136.00
136.00
137.00
135.00
133.00
134.00
132.00
135.00
134.00
134.00
133.00
134.00
133.00
133.00
135.00
133.00
133.50
139.00
134.00
135.00
139.00
135.00
134.00
135.00
141.00
135.00
135.00
137.00
134.00
134.00
134.50
136.00
135.00
134.00
136.00
135.00
134.00
135.00
134.00
134.00
134.00
142.00
134.00
135.00
142.00
137.00
134.00
136.00
137.00
135.00
134.00
139.00
137.00
136.00
136.00
134.00
135.00
133.00
135.00
134.00
134.00
141.00
133.00
136.00
136.00
135.00
134.00
134.00
141.00
135.00
137.00
136.50
137.00
136.00
140.00
137.00
137.00
139.00
140.00
137.00
504.00
494.00
475.00
462.00
454.00
447.00
447.00
447.00
447.50
448.00
437.00
443.00
439.00
444.00
439.00
440.00
437.00
437.00
440.50
430.00
442.00
438.00
428.00
436.00
432.00
430.00
435.00
430.00
429.00
428.00
431.00
423.00
428.00
430.00
427.00
430.00
430.00
422.00
433.00
431.00
423.00
430.00
425.00
423.00
422.00
423.00
428.00
428.00
426.00
425.00
424.00
423.00
425.00
423.00
420.00
425.00
423.00
423.00
424.00
420.00
433.00
430.00
428.00
430.00
431.00
434.00
430.00
438.00
431.00
435.00
431.00
428.00
420.00
434.00
429.00
424.00
433.00
429.00
432.00
433.00
428.00
426.00
430.00
420.00
433.00
427.00
413.00
417.00
423.00
414.00
408.00
404.00
404.00
397.00
397.00
398.00
393.00
396.00
401.00
400.00
391.00
387.00
134.00
136.00
139.00
136.00
136.00
135.00
135.00
136.00
137.00
133.00
135.00
135.00
138.50
134.00
135.00
135.00
135.00
134.00
137.00
136.00
135.00
135.00
134.50
137.00
136.00
134.00
137.00
135.00
138.00
134.00
138.00
139.00
134.00
134.00
134.00
136.00
133.00
135.00
137.00
134.00
134.00
136.00
134.00
134.50
140.00
136.00
135.00
141.00
134.00
134.00
137.00
136.00
136.00
137.00
140.00
134.00
133.00
134.00
142.00
137.00
133.00
137.00
135.00
135.00
134.00
135.00
135.00
135.00
140.00
133.00
134.00
140.00
135.00
135.00
135.00
137.00
136.00
137.00
142.00
137.00
135.00
135.00
134.00
137.00
136.00
135.00
134.00
135.00
135.00
133.00
134.00
136.00
135.00
134.00
136.00
133.00
134.00
135.00
139.00
134.00
134.00
135.00
134.00
136.00
138.00
135.00
134.00
135.00
138.00
136.00
134.00
137.00
134.00
135.00
136.00
135.00
135.00
135.00
136.50
139.00
137.00
135.00
137.00
136.00
134.00
134.00
137.00
135.00
136.00
135.00
135.00
138.00
136.00
137.00
503.00
488.00
475.00
464.00
460.00
454.00
455.00
448.00
446.00
447.00
439.00
443.00
449.00
444.00
441.00
435.00
442.00
435.00
436.00
441.00
432.00
436.00
437.00
433.00
438.00
429.00
431.00
436.00
428.00
434.00
434.00
430.00
428.00
435.00
430.00
432.00
430.00
428.00
429.00
419.50
427.00
425.00
426.00
423.00
428.00
425.00
434.00
428.00
424.00
425.00
429.00
423.00
421.00
431.00
428.00
423.00
436.00
439.00
430.00
434.00
442.00
428.00
434.00
439.00
430.00
430.00
429.50
426.00
432.00
435.00
430.00
430.00
433.00
437.00
431.00
435.00
430.50
435.00
425.00
436.00
423.00
428.00
426.00
431.00
430.00
417.00
422.00
410.00
408.00
405.00
397.00
404.00
395.00
400.00
392.00
401.00
395.00
392.00
396.00
397.00
395.50
393.00
135.00
135.00
1963.00
2348.00
2349.00
2334.00
2310.00
2327.00
2299.00
2276.00
2286.00
2304.00
2321.00
2340.00
2350.00
2359.00
2364.00
2366.00
2362.00
2358.50
2361.00
2359.00
2358.00
2359.00
2361.00
2357.00
2355.00
2361.00
2357.00
2357.00
2356.00
2354.00
554.00
554.00
553.00
138.00
136.00
134.00
135.00
135.00
136.00
135.00
134.00
138.00
134.00
135.00
137.50
136.00
136.00
135.00
142.00
134.00
139.00
145.00
138.00
137.00
137.00
135.00
136.00
137.00
139.00
136.00
135.00
141.00
135.00
136.00
145.50
135.00
135.00
137.00
134.00
135.00
137.00
140.00
136.00
136.00
136.00
135.00
137.00
136.00
138.50
136.00
136.00
140.00
139.00
136.00
140.00
137.00
134.00
135.00
139.00
136.00
136.00
135.00
135.00
134.00
134.00
135.00
135.00
134.00
136.00
134.00
135.00
138.00
136.00
136.00
137.00
138.00
137.00
137.00
137.00
137.00
137.00
134.00
136.00
135.00
138.00
137.00
136.00
136.00
134.00
138.00
141.00
137.00
137.00
136.00
143.00
135.00
135.00
136.00
139.00
138.00
137.00
137.00
509.00
491.00
471.00
461.00
459.00
456.00
453.00
449.00
449.00
445.00
446.00
439.00
446.00
439.00
446.00
439.00
442.00
440.00
436.00
444.00
437.00
440.00
436.00
436.00
438.00
442.00
440.00
429.00
433.00
436.00
433.00
428.00
437.50
431.00
426.00
430.00
428.00
422.00
423.00
432.00
427.00
431.00
429.00
426.00
423.00
427.00
430.00
426.00
429.00
426.00
426.00
426.00
440.00
432.00
438.00
431.00
430.00
438.00
436.00
433.00
426.00
431.00
437.00
434.00
433.00
433.00
428.00
432.00
435.00
430.00
426.00
429.00
431.00
428.00
425.00
431.00
429.00
430.00
431.00
420.00
414.00
415.00
411.00
411.00
412.00
402.00
397.00
396.00
400.00
398.00
398.00
397.00
391.00
394.00
391.00
394.00
391.00
387.00
387.00
137.00
135.00
135.00
140.50
136.00
138.00
136.00
135.00
135.00
144.00
137.00
134.00
134.00
137.00
136.00
134.00
136.00
135.00
134.00
135.00
138.00
138.00
135.00
138.00
291.00
289.00
290.00
289.00
135.00
135.00
137.00
136.00
137.00
139.00
134.00
136.00
144.00
137.00
133.00
135.00
136.00
133.00
135.00
143.00
135.00
135.00
136.00
135.00
136.00
135.00
142.00
134.00
135.00
136.00
136.00
144.00
144.00
146.00
147.00
147.00
150.00
148.00
149.00
150.00
167.00
154.00
151.00
150.50
163.00
159.00
147.00
158.00
147.00
150.00
162.00
156.00
151.00
150.00
149.00
147.00
148.00
149.00
147.00
148.00
148.00
151.00
167.00
145.50
149.00
148.00
152.00
147.00
148.00
147.00
148.00
145.00
150.00
147.00
147.00
154.00
150.00
148.00
146.00
148.00
153.00
149.00
153.00
149.00
151.00
149.00
149.00
153.00
149.00
154.00
149.00
155.00
149.00
146.00
147.00
149.00
149.00
146.00
150.00
148.00
150.00
148.00
156.00
150.00
146.00
152.00
152.00
147.00
149.00
150.00
144.00
501.00
501.00
487.00
469.00
463.50
462.00
457.00
446.00
454.00
454.00
444.00
456.00
439.00
445.00
442.00
439.00
444.00
438.00
444.00
468.00
456.00
460.00
458.00
453.00
455.00
455.00
451.00
422.00
424.50
423.00
421.00
424.00
574.00
572.00
615.00
621.00
609.00
608.00
599.50
597.00
597.00
596.00
598.00
598.00
598.00
601.00
607.00
604.00
602.00
593.00
597.00
607.00
606.00
608.00
608.00
599.00
608.00
606.00
604.00
601.00
602.00
596.00
602.50
603.00
601.00
596.00
601.00
605.00
595.00
595.00
605.00
602.50
441.00
600.00
595.00
593.00
591.50
588.00
582.00
589.00
587.00
576.00
575.00
567.00
576.00
567.00
567.00
568.00
568.00
412.00
426.00
416.00
560.00
559.00
557.00
567.00
564.00
591.00
596.00
610.00
609.00
604.00
607.00
600.00
668.00
675.00
666.00
671.00
671.00
513.00
512.00
507.00
511.00
505.00
508.00
498.00
247.00
249.00
247.00
243.00
241.00
495.00
240.00
244.00
239.00
240.00
493.00
238.00
243.00
238.00
240.00
244.00
247.00
492.00
501.00
244.00
249.00
250.00
248.50
244.00
248.00
244.00
247.00
245.00
247.00
245.50
240.00
243.00
243.00
242.00
242.00
243.00
243.00
243.00
244.00
241.00
241.00
241.00
242.00
238.00
245.00
258.00
255.00
254.00
276.00
262.00
260.50
281.00
271.00
248.00
254.00
267.00
273.00
266.00
265.00
273.00
269.00
656.00
625.00
620.00
604.00
593.00
596.50
589.00
591.00
569.00
568.00
564.00
564.00
559.00
551.00
560.00
556.00
552.00
2255.00
2742.00
2747.00
960.00
894.00
891.00
479.00
482.00
470.00
487.00
490.00
497.00
494.00
491.00
444.00
442.00
593.00
599.00
596.00
591.00
602.00
587.00
591.00
593.00
595.00
593.00
593.00
591.00
590.00
588.00
590.00
594.00
584.00
588.00
587.00
584.00
585.50
585.00
581.00
585.00
590.00
589.00
574.00
581.50
590.00
587.00
579.00
583.00
582.00
587.00
586.00
584.00
591.00
583.00
583.00
579.00
587.00
584.00
427.50
440.00
427.00
429.00
425.00
428.00
432.00
424.00
426.00
428.00
664.00
664.00
667.00
666.00
661.00
663.00
662.00
661.00
664.00
660.00
663.00
668.00
663.00
662.00
660.00
663.00
656.00
657.00
660.00
658.00
657.00
661.00
660.00
657.00
665.00
657.50
664.00
376.00
376.00
388.00
388.00
384.00
386.00
389.00
387.00
394.50
389.00
391.00
391.00
392.00
391.00
387.00
386.00
390.00
388.00
387.00
380.00
385.00
386.00
387.00
385.00
383.00
150.00
151.00
158.00
150.00
152.00
152.00
153.00
155.00
151.00
153.00
154.00
149.00
144.00
147.00
147.00
143.00
142.00
149.00
143.00
141.00
145.00
143.00
141.00
144.00
140.50
142.00
141.00
143.00
141.00
141.00
145.00
141.00
141.00
141.00
142.00
140.00
142.00
140.00
140.00
143.00
143.00
140.00
141.00
144.00
140.00
141.00
140.00
141.00
140.50
139.00
141.00
141.00
143.00
141.00
140.00
143.00
140.00
144.00
142.00
142.00
143.00
142.00
143.00
144.00
141.00
140.00
143.00
142.00
142.00
144.00
141.00
141.00
140.00
141.00
141.00
143.00
141.00
140.00
145.00
142.00
141.00
141.00
141.00
144.00
142.00
141.00
140.00
144.00
143.00
143.00
146.00
141.00
144.00
149.00
141.00
141.00
143.00
143.00
143.00
140.00
146.00
141.00
141.00
143.50
140.00
141.00
484.00
508.00
490.00
478.00
472.00
460.00
461.00
460.00
456.00
461.00
451.00
453.00
450.00
451.00
452.00
451.00
447.00
450.00
445.00
440.00
446.00
443.50
440.00
444.00
444.00
443.00
440.00
443.00
436.00
439.00
438.00
438.00
432.00
438.00
438.00
446.00
433.00
439.00
433.00
437.00
437.00
439.00
435.00
433.00
439.00
427.50
430.00
430.00
428.00
430.00
430.00
432.00
432.00
429.00
438.00
431.00
429.50
437.00
427.00
427.00
430.00
433.00
431.00
428.00
432.00
435.00
427.00
434.00
426.00
430.00
430.00
426.00
423.00
422.00
433.00
426.00
425.00
423.00
426.00
426.00
430.00
419.00
422.00
425.00
424.00
422.00
423.00
432.00
426.00
416.00
423.00
429.00
417.00
415.00
418.00
410.00
406.00
411.50
406.00
399.00
400.00
399.00
398.00
401.00
402.00
403.00
408.00
408.00
154.00
152.00
153.00
154.00
154.00
150.00
154.00
155.00
153.00
158.00
155.00
157.00
156.00
154.50
157.00
155.00
157.00
152.00
156.00
155.00
149.00
153.00
152.00
155.00
152.00
149.00
155.00
154.00
150.00
156.00
146.50
147.00
141.00
143.00
142.00
144.00
142.00
147.00
143.00
145.00
143.00
141.00
144.00
143.00
140.00
142.00
142.00
142.50
141.00
150.00
141.00
140.00
143.00
142.00
142.00
142.00
142.00
142.00
141.00
146.00
143.00
141.00
142.00
144.00
141.00
141.00
143.00
142.00
141.00
141.00
140.00
141.00
142.00
140.00
141.00
140.50
141.00
141.00
142.00
144.00
141.00
142.00
143.00
142.00
143.00
144.00
146.00
141.00
140.00
150.00
143.00
143.00
145.00
142.00
142.00
147.00
142.00
142.00
142.00
143.00
140.00
142.00
146.00
141.00
141.00
148.00
141.00
140.00
143.00
143.00
142.00
142.00
145.00
143.00
142.00
151.00
142.00
143.00
143.00
142.00
143.00
146.00
141.00
142.00
141.00
141.00
140.00
141.00
143.00
140.00
141.00
141.00
306.00
509.00
495.00
484.00
473.00
464.00
460.00
456.00
457.00
452.00
450.00
455.00
447.00
448.00
448.00
451.00
448.00
441.00
441.00
448.00
444.00
442.00
443.00
442.00
442.00
443.00
440.00
439.00
437.00
440.00
439.00
438.50
447.00
437.00
441.00
439.00
435.00
435.00
436.00
441.00
431.00
435.00
436.00
432.00
432.00
436.00
434.00
434.00
429.00
427.00
433.00
433.00
433.00
432.00
430.00
434.00
429.00
433.00
427.50
427.00
429.00
430.00
432.00
431.00
427.00
431.00
430.00
430.00
430.00
431.00
426.00
432.00
427.00
430.00
427.00
426.00
422.00
427.00
423.50
422.00
424.00
425.00
425.00
423.00
425.00
418.00
419.00
410.00
411.00
412.00
405.00
408.00
401.00
408.00
403.00
400.00
403.00
405.00
410.00
410.00
416.00
409.00
154.00
