16.00
16.00
18.00
17.00
16.00
16.00
16.00
17.00
18.00
16.00
16.50
18.00
16.00
18.00
17.00
16.00
16.00
16.50
16.00
19.00
16.00
16.00
17.00
17.00
16.50
18.00
16.00
17.50
17.00
18.00
18.00
18.00
16.50
16.00
18.00
18.00
18.00
18.00
18.00
18.00
18.00
18.00
18.00
18.00
18.50
18.00
17.00
18.00
18.00
18.00
18.00
18.00
18.00
18.00
18.00
18.00
18.00
18.50
18.00
18.00
18.00
18.00
18.00
18.00
18.00
18.00
18.00
18.00
18.00
19.00
18.00
18.00
18.00
18.00
17.50
18.00
18.00
18.50
18.00
18.00
18.00
17.50
18.00
18.00
18.50
18.50
19.00
18.00
18.00
18.00
17.50
18.00
18.00
18.00
18.00
18.00
19.00
17.00
16.00
17.00
18.50
17.00
18.00
16.50
16.00
17.00
17.00
18.00
18.00
16.00
16.00
16.00
19.00
18.00
16.00
16.00
16.00
18.50
18.00
18.00
17.50
17.00
16.00
18.00
18.50
16.00
18.00
18.50
17.00
16.00
18.00
16.00
18.00
18.00
19.00
18.00
17.00
19.00
18.00
17.50
18.00
18.00
16.00
19.00
16.00
18.00
18.00
16.00
17.00
17.50
17.00
17.00
18.00
18.00
16.00
18.00
18.00
16.00
16.00
18.00
16.00
18.00
18.00
16.00
18.50
16.00
18.50
18.00
16.00
18.00
16.50
16.00
18.50
17.50
18.00
18.00
16.00
16.00
16.00
17.50
18.00
16.50
18.50
16.00
16.00
16.00
18.50
17.00
18.00
16.50
18.00
18.00
17.50
17.00
18.00
16.50
17.00
17.00
17.00
18.50
16.00
18.00
18.50
18.00
16.00
16.00
18.00
17.00
18.00
18.00
17.50
17.00
18.50
18.00
18.00
17.50
18.00
17.00
18.00
18.00
17.50
18.00
18.00
18.00
18.00
17.50
17.00
17.50
17.50
17.00
17.00
17.00
17.00
17.00
17.50
18.00
17.00
18.00
18.00
18.00
16.50
17.50
18.00
17.50
17.00
18.00
18.00
18.00
17.00
18.00
18.00
17.00
17.50
17.00
18.00
18.00
17.00
17.00
18.00
18.00
18.00
17.50
19.00
18.00
17.00
18.00
16.00
16.00
19.00
16.00
16.00
16.00
16.00
16.00
17.50
17.00
16.00
17.00
18.50
16.00
18.00
17.50
18.00
18.00
17.00
18.00
16.00
18.50
18.00
19.00
16.00
17.00
19.00
16.00
16.50
18.00
16.00
18.00
16.00
16.00
16.00
17.00
16.00
18.00
18.00
16.00
18.00
18.50
17.50
18.00
16.00
18.00
18.00
18.00
17.00
16.00
16.00
17.00
18.50
16.00
16.00
19.00
17.00
17.00
16.50
16.00
17.00
16.00
18.00
18.00
18.50
18.50
17.00
18.00
18.00
17.00
16.00
17.00
17.50
18.00
18.00
18.00
16.00
18.00
16.50
18.00
16.00
17.00
16.00
18.00
17.00
17.00
16.00
18.00
17.00
19.00
16.00
17.00
18.00
16.00
18.00
18.00
16.00
18.00
18.50
16.00
16.00
16.50
17.00
19.00
18.00
16.00
17.00
18.00
18.00
18.00
16.00
16.00
18.00
18.00
18.00
18.00
17.00
18.00
18.00
18.00
18.00
18.00
18.00
18.00
18.00
16.50
18.00
18.00
17.50
17.00
18.00
17.00
17.00
16.00
17.00
17.50
17.00
17.00
17.00
17.00
16.00
17.50
17.50
17.00
17.00
17.00
17.00
17.50
16.50
17.00
16.50
17.00
17.00
17.50
18.00
17.00
18.00
17.50
18.00
17.00
17.50
17.50
17.00
18.00
18.00
17.00
17.50
17.00
17.00
18.00
17.00
17.50
18.00
16.00
18.00
18.50
18.00
19.00
16.00
18.00
16.50
18.00
19.00
18.00
16.50
18.00
16.00
17.50
16.00
16.00
19.00
16.50
18.00
15.50
17.00
18.00
17.00
17.50
18.00
18.00
16.50
17.50
16.00
19.00
18.00
16.00
16.00
17.00
18.00
17.50
17.00
16.00
18.00
18.00
19.00
19.00
16.00
16.50
16.00
18.00
18.00
16.00
16.00
16.00
16.00
16.00
17.00
18.50
16.00
16.00
18.00
17.00
15.00
17.00
18.00
16.00
16.00
17.00
17.00
16.00
17.00
16.00
15.00
17.00
18.00
18.00
15.50
15.50
18.00
18.50
16.00
18.00
16.00
17.00
18.00
18.00
18.00
16.00
16.00
15.00
16.50
17.00
17.00
17.00
16.00
16.00
16.50
18.00
15.00
17.00
18.00
18.00
16.00
16.00
16.00
18.00
16.00
18.00
16.00
17.50
18.00
16.00
18.00
16.00
17.00
17.00
17.50
16.50
17.00
17.00
17.00
18.00
17.00
17.00
17.00
18.00
17.50
18.00
18.00
18.00
17.00
18.00
17.00
17.50
17.00
18.00
17.50
18.00
18.00
17.00
17.00
17.00
17.50
16.00
17.00
17.00
16.00
18.00
16.50
17.50
18.00
17.00
16.50
17.50
18.00
17.50
17.50
17.00
17.00
16.50
17.00
18.00
17.00
17.50
17.00
17.00
17.50
17.50
18.00
17.50
17.00
18.00
18.00
18.50
17.00
16.00
17.50
16.00
18.00
17.00
16.00
18.00
16.00
17.00
16.00
17.00
16.00
15.50
16.00
18.00
18.00
15.00
17.00
16.00
16.00
16.00
15.50
16.00
17.00
16.00
15.00
16.00
17.50
16.00
16.00
15.50
16.00
16.00
15.00
16.00
16.00
16.00
17.00
16.00
16.00
16.00
18.00
18.00
17.00
18.00
16.00
15.50
16.00
18.00
15.50
17.00
16.00
16.00
16.00
18.00
16.00
16.50
15.00
16.00
16.50
17.50
16.00
15.00
15.50
16.50
16.00
17.00
16.00
16.00
16.00
17.00
16.00
13.50
14.00
14.00
15.00
15.00
15.00
15.00
15.50
17.00
16.00
15.00
14.50
15.00
15.00
14.50
14.00
17.00
15.50
15.00
15.00
15.00
15.00
15.00
16.00
15.00
17.00
15.50
16.00
15.00
17.00
16.00
15.00
1087.00
1083.50
1081.00
1080.00
1079.00
1078.00
1075.00
1076.00
1075.50
1077.00
1078.00
1076.00
1077.50
1078.50
1077.00
1076.50
1076.00
1075.50
1075.50
1075.00
1072.00
1074.50
1075.00
1076.00
1077.50
17.00
17.00
17.00
1077.50
16.00
16.00
16.50
16.00
15.00
16.00
16.50
16.00
16.00
16.00
16.00
16.00
16.00
16.00
16.00
16.00
16.50
1079.00
16.00
16.50
16.50
16.00
16.50
17.00
18.00
16.00
547.00
17.00
17.00
17.00
17.00
16.00
17.00
16.00
16.00
18.00
16.00
16.00
16.00
16.50
16.00
16.00
15.50
15.00
17.00
1081.50
17.00
16.00
17.00
18.50
16.00
18.00
17.50
15.00
18.00
18.00
16.00
17.00
18.00
17.50
1090.00
17.00
18.00
18.00
18.00
15.50
17.00
17.00
15.00
18.50
18.00
18.00
15.50
18.00
18.00
15.00
18.00
16.00
15.00
16.00
16.00
14.50
16.00
16.00
15.00
14.00
15.00
16.00
1071.50
16.00
13.00
16.00
16.00
13.50
14.00
15.50
16.00
16.00
16.00
15.00
14.00
15.00
14.00
15.00
13.50
16.00
14.00
14.00
14.00
15.00
16.00
15.00
14.00
1076.00
15.00
15.00
16.00
16.00
15.00
14.00
14.00
15.00
13.50
1071.00
16.00
15.00
16.00
14.00
14.00
14.00
14.00
59.00
57.00
1108.00
58.00
56.00
56.00
56.00
57.00
57.00
57.00
57.00
57.00
1109.00
57.00
56.50
57.00
57.00
55.00
55.00
55.00
1115.50
54.00
55.00
55.00
55.50
55.00
55.00
55.00
54.50
55.00
1116.00
55.00
55.00
55.00
56.00
55.00
55.00
55.00
55.00
55.00
55.00
56.00
1117.00
55.00
54.50
55.00
55.00
54.00
55.00
55.00
67.50
1962.00
57.00
57.00
585.50
57.00
57.00
56.00
57.00
56.00
56.00
15.50
15.00
16.00
15.50
15.00
1077.00
15.50
15.00
15.50
16.00
16.00
16.00
15.00
16.00
16.00
15.00
1076.50
15.00
14.00
14.00
16.00
14.00
14.00
14.00
16.00
14.00
14.00
1076.00
14.00
13.50
16.00
15.00
14.00
15.00
16.00
14.00
14.00
13.50
1074.00
14.00
15.00
16.00
15.00
15.00
14.00
14.00
14.00
14.00
14.00
16.00
16.00
16.00
16.00
14.00
16.00
16.00
13.50
14.00
16.00
16.00
14.00
16.00
16.00
14.50
14.00
16.00
14.00
15.00
16.00
15.00
14.00
14.00
16.00
544.50
15.00
14.00
15.00
15.00
16.00
14.00
14.00
16.00
16.00
546.00
15.00
16.00
14.00
16.00
15.00
16.00
14.00
14.00
550.00
15.00
14.00
16.00
14.00
14.00
14.00
14.00
14.00
14.00
14.00
16.00
1081.50
16.00
14.00
15.00
14.00
16.00
14.00
16.00
14.00
14.00
15.00
14.00
552.00
15.00
16.00
14.00
14.00
14.00
14.00
14.50
14.00
14.00
14.00
16.00
1092.00
15.00
15.00
16.00
15.00
15.50
15.00
15.00
15.00
15.50
15.00
15.00
14.50
14.00
15.00
15.00
15.50
15.00
15.00
15.50
16.00
16.00
14.50
15.00
15.00
550.00
15.00
15.50
15.00
14.50
15.00
15.00
15.00
15.00
15.00
15.00
15.00
552.00
15.00
15.50
16.00
15.00
15.00
15.00
28.00
26.00
24.50
23.00
560.00
23.00
268.00
268.00
266.50
268.00
267.00
267.00
267.00
267.00
266.00
798.00
265.00
266.00
266.00
266.50
264.00
265.00
264.50
264.00
263.00
263.00
282.00
269.00
222.00
203.50
39.50
46.00
38.50
20.50
20.00
20.50
20.00
20.00
683.50
1253.50
1250.00
1239.00
1241.50
1239.00
1236.50
1236.50
1233.00
1232.00
1233.00
1232.50
1233.00
1233.00
1232.00
1231.00
1230.00
1228.50
1228.00
1229.00
1228.00
1225.00
1224.00
1223.50
1226.00
1224.00
1224.00
1223.50
1218.00
1219.00
1220.00
1218.00
1214.50
1213.00
1215.00
1212.00
614.50
264.50
263.00
264.00
15.50
263.00
263.00
16.00
264.00
263.50
17.00
264.00
264.00
262.00
264.00
263.00
264.00
288.00
269.50
217.00
52.50
44.00
47.00
33.50
22.00
20.00
63.00
43.00
38.00
41.00
20.50
21.00
20.00
20.00
20.00
20.00
1217.00
1211.00
1210.00
1212.00
1210.00
1208.00
1210.00
1209.00
1208.50
1209.00
1208.00
1205.00
1204.00
1204.00
1203.00
1204.00
1204.00
1203.00
1204.00
1205.00
1205.50
1205.00
1203.00
1204.00
1203.00
1204.00
1202.00
1204.00
1203.00
1200.50
1203.00
1201.50
1202.00
1201.00
1201.00
1199.00
1198.00
1198.00
1197.50
1197.00
1197.00
1198.00
1197.00
276.00
278.00
276.00
263.00
264.00
263.00
275.00
273.00
274.50
270.00
263.00
263.50
263.00
264.00
262.50
264.00
262.00
263.00
264.00
263.00
264.00
263.00
261.00
264.00
263.50
262.00
263.00
262.00
262.50
263.00
262.00
261.50
262.00
289.00
227.00
49.50
40.50
46.00
48.50
17.00
17.00
17.00
17.00
17.00
17.00
16.50
16.00
16.00
16.00
18.00
16.00
16.00
16.00
16.00
16.00
16.00
16.00
17.00
16.00
16.00
14.00
14.00
16.00
14.00
14.50
14.00
14.00
13.50
14.00
14.00
14.00
14.00
14.00
14.00
16.00
14.00
14.00
14.00
14.00
14.00
16.00
14.00
14.00
16.00
16.00
15.00
14.00
14.00
14.00
14.00
15.00
14.00
14.00
14.00
14.00
15.50
14.00
16.00
14.00
15.00
15.00
14.50
14.00
16.00
14.00
14.00
14.00
14.00
15.50
15.00
14.00
15.00
14.00
14.00
14.00
14.00
14.00
14.00
14.00
14.00
15.00
14.00
14.00
16.00
15.50
14.00
15.00
14.00
14.00
14.00
15.00
14.00
14.00
14.00
16.00
14.00
14.00
14.00
14.00
14.00
15.00
14.00
14.00
15.00
14.00
14.00
15.00
15.00
15.00
15.00
15.50
15.50
16.00
15.00
15.00
15.00
15.00
15.00
15.00
15.00
15.00
15.00
15.00
15.00
15.00
15.00
15.00
14.50
15.00
15.00
15.00
15.00
15.00
15.00
14.50
15.00
15.00
14.50
15.00
15.00
15.00
15.00
15.00
15.00
15.00
15.00
15.00
14.50
15.00
15.00
15.00
15.00
15.00
15.00
15.00
15.00
15.00
15.00
15.00
15.00
15.00
15.00
16.00
15.00
14.50
15.00
15.00
15.00
15.00
13.00
15.50
14.00
14.00
14.00
16.00
16.00
14.00
14.00
14.00
14.00
14.00
14.00
14.00
14.00
14.00
14.00
14.00
14.00
14.00
16.00
15.00
14.00
14.00
14.00
14.00
14.00
15.00
14.00
14.00
16.00
14.00
14.00
14.00
14.00
14.00
14.00
14.00
14.00
15.00
14.00
14.00
14.00
14.00
14.00
16.00
14.00
14.00
15.00
13.50
14.00
14.00
15.00
14.00
14.00
14.00
14.00
14.00
14.00
15.00
14.00
14.00
14.00
14.00
16.00
14.00
14.00
14.00
14.00
15.00
14.00
14.00
15.00
14.00
14.00
14.00
16.00
14.00
14.00
14.00
14.00
14.00
14.00
14.00
13.50
14.00
14.00
14.00
14.00
14.00
14.00
14.00
14.00
14.00
14.00
14.00
14.00
14.00
14.00
14.00
14.00
14.00
14.00
14.00
15.50
1918.50
1918.00
1906.00
1900.50
103.00
49.00
49.00
59.50
69.50
36.00
37.00
37.00
37.00
16.00
16.00
16.00
16.00
16.00
16.00
16.00
16.50
16.00
16.00
16.00
15.00
15.00
15.00
15.00
14.50
15.00
14.50
15.00
15.00
15.00
15.00
15.00
14.50
15.00
14.00
15.00
15.00
15.00
15.00
14.50
15.00
15.00
15.00
15.00
15.00
15.00
15.00
15.00
15.00
14.50
15.00
15.00
14.50
15.00
15.00
15.00
15.00
15.00
13.50
15.00
14.50
14.00
15.00
13.00
14.00
13.00
14.50
13.00
14.00
13.50
14.00
13.00
14.00
13.50
13.00
13.00
14.00
13.50
14.00
14.00
13.50
12.00
14.00
13.50
13.50
14.00
13.50
14.00
13.50
14.00
13.00
14.00
14.00
13.50
13.00
14.00
13.50
14.00
14.00
14.00
14.00
13.00
14.00
13.50
14.00
13.00
14.00
13.00
14.00
13.00
13.50
15.00
13.50
14.00
14.00
14.00
12.00
14.00
14.00
14.00
14.00
13.00
14.00
14.50
14.00
14.00
13.50
14.00
14.00
13.00
13.00
13.50
14.00
14.00
14.00
14.00
14.00
13.00
14.00
14.00
14.00
14.00
14.00
14.00
14.00
13.50
14.00
14.00
14.00
14.00
13.00
14.00
14.00
14.00
14.00
14.00
13.00
14.00
14.00
14.00
13.00
13.50
14.00
13.00
14.00
13.00
14.00
15.00
15.00
15.00
15.00
14.50
15.00
16.00
17.00
16.00
16.00
16.00
16.00
16.00
16.00
16.00
16.00
16.00
16.00
15.50
16.00
15.00
16.00
16.00
15.50
15.00
15.00
16.00
15.50
16.00
16.50
14.00
15.00
16.00
16.00
16.00
16.00
16.00
16.00
15.00
16.00
16.00
15.50
16.00
16.00
16.00
16.00
15.00
15.00
15.00
15.00
15.00
15.50
15.50
15.00
16.00
16.00
16.00
15.00
16.50
15.00
16.00
16.50
17.00
16.50
15.50
16.00
15.00
16.50
16.00
16.00
15.00
15.00
18.00
15.00
14.00
16.00
14.00
14.00
14.00
14.00
14.00
14.00
15.50
13.00
16.00
14.00
14.00
15.00
14.00
14.00
14.00
13.00
14.00
14.00
14.00
13.00
14.00
14.00
13.00
14.00
15.00
14.00
14.00
15.00
13.50
14.00
14.00
15.00
14.00
16.00
14.00
14.00
14.00
14.00
14.00
14.00
14.00
13.00
14.00
14.00
14.00
14.00
14.00
14.00
13.50
14.00
15.00
15.00
14.00
14.00
14.00
14.00
14.00
14.00
14.00
16.00
16.00
14.00
13.50
14.00
14.00
14.50
14.00
14.00
14.00
14.00
14.00
15.00
14.00
14.00
14.00
14.00
14.00
14.00
14.00
14.00
13.00
14.00
14.00
14.00
15.00
14.00
14.00
14.00
14.00
14.00
15.00
15.00
15.00
15.00
14.00
15.00
15.00
15.00
15.00
81.00
83.00
83.00
83.00
83.00
83.00
83.00
83.00
83.00
83.00
83.00
83.00
83.50
83.00
83.00
83.00
83.00
81.00
81.00
81.50
81.00
81.00
81.00
79.00
79.00
78.50
79.00
79.00
79.00
79.00
79.00
79.00
79.00
80.00
79.00
80.00
79.00
80.00
81.00
79.00
80.00
79.00
82.00
593.00
544.00
81.50
81.50
82.00
546.50
483.00
486.00
259.50
81.00
80.00
82.00
81.00
81.00
82.00
89.50
96.00
97.00
95.50
96.00
95.00
95.00
95.00
95.00
95.50
94.50
95.00
95.00
95.00
95.00
95.00
94.50
95.00
95.00
95.00
95.00
95.00
95.00
95.50
95.00
95.00
95.00
95.00
95.00
94.50
95.00
95.00
95.00
95.00
95.00
95.00
94.50
94.00
95.00
95.00
94.50
94.50
94.00
95.50
96.00
94.00
94.50
96.00
96.00
95.50
96.00
98.00
99.00
98.50
99.00
95.00
94.50
94.50
94.00
94.50
95.00
95.00
95.00
95.00
95.00
83.00
83.00
83.00
83.00
82.50
83.00
83.00
83.00
83.00
83.00
83.00
83.00
83.00
83.00
83.00
83.00
83.00
83.00
83.00
83.00
83.00
83.00
83.00
83.00
83.00
83.00
83.00
83.00
83.00
83.00
83.00
83.00
83.00
81.00
81.50
82.00
82.00
81.00
82.00
82.00
82.00
82.00
82.00
81.00
81.50
81.00
81.00
81.00
82.50
81.00
82.00
81.50
81.00
81.00
81.00
82.00
81.00
81.50
82.00
82.00
81.00
82.00
81.00
82.00
82.50
82.00
82.00
81.00
81.00
82.00
81.50
81.00
82.00
82.00
82.00
81.00
82.00
81.50
80.50
82.00
81.00
82.00
81.00
82.00
83.00
82.00
81.00
82.00
82.00
81.00
81.00
81.00
81.50
81.00
82.00
82.00
81.00
81.00
83.00
82.00
82.00
84.00
83.00
83.00
83.00
85.00
85.00
85.00
83.00
85.00
83.00
85.00
85.00
83.00
83.00
83.00
83.00
84.00
85.00
85.00
83.00
84.00
85.00
85.00
84.00
83.00
85.00
85.00
85.00
83.00
85.00
83.00
83.00
84.00
84.00
83.00
83.00
85.00
85.00
83.00
85.00
84.50
85.00
85.00
83.00
85.00
83.00
85.00
83.00
83.00
83.00
83.00
84.00
83.00
85.00
85.00
85.00
83.00
85.00
85.00
85.00
83.00
83.00
85.00
84.00
83.00
83.00
84.00
85.00
83.00
84.00
85.00
82.00
85.00
84.00
85.00
85.00
84.00
85.00
85.00
85.00
85.00
85.00
85.00
84.00
84.00
85.00
84.00
83.00
83.00
83.00
83.00
83.00
83.00
84.00
83.00
83.00
83.00
85.00
83.00
83.00
83.00
83.00
82.00
81.00
81.00
81.00
81.00
81.00
81.00
81.00
81.00
82.00
81.00
81.00
81.00
81.00
82.00
82.00
81.50
81.00
81.00
113.00
114.00
113.00
114.00
113.00
113.50
113.00
113.00
114.00
113.50
113.50
114.00
113.50
81.00
82.00
81.00
81.00
81.00
81.00
81.50
81.00
81.00
81.00
81.00
81.00
82.00
81.00
81.00
81.00
81.00
83.00
81.00
81.00
83.00
81.00
81.00
81.00
81.00
81.00
81.00
81.00
81.00
83.50
83.00
83.00
83.00
81.00
83.00
81.00
81.00
83.00
82.00
82.00
85.00
85.00
85.00
85.00
85.00
84.00
84.00
83.00
85.00
84.00
85.00
83.00
85.00
85.00
83.00
83.00
83.00
84.00
85.00
83.00
85.00
83.00
83.00
83.00
83.00
83.00
83.00
83.00
83.00
84.00
83.00
83.00
83.00
85.00
83.00
83.00
85.00
83.00
83.00
85.00
83.00
83.00
84.00
83.00
84.00
83.00
83.00
83.00
83.00
84.00
83.00
85.00
84.00
83.00
83.00
83.00
83.00
84.00
83.00
83.00
83.00
83.00
83.00
85.00
83.00
83.00
83.00
83.00
83.00
83.00
85.00
83.00
83.00
83.00
83.00
85.00
83.00
83.00
85.00
84.00
83.00
84.00
85.00
85.00
83.00
83.00
83.00
83.00
83.00
83.00
85.00
81.00
82.00
81.00
82.00
81.00
81.00
81.00
81.50
81.00
81.00
81.00
82.00
82.00
81.50
81.00
82.00
81.00
82.00
81.50
81.00
81.00
81.50
81.00
82.00
81.00
81.00
81.00
103.00
115.00
81.00
81.00
81.00
81.00
81.00
82.00
81.00
82.00
81.00
81.50
81.00
81.00
82.00
81.00
81.00
81.50
83.00
82.00
81.00
81.00
82.00
81.00
82.00
81.00
83.00
81.50
81.00
81.00
81.00
81.00
81.00
81.00
82.00
80.00
81.00
81.00
81.00
81.00
81.00
81.00
81.00
81.00
45.00
46.00
44.00
44.00
46.00
46.00
46.00
45.00
44.00
44.00
44.00
44.00
44.00
44.00
45.00
44.00
44.00
43.00
42.00
42.00
42.50
43.50
44.00
42.00
44.00
44.00
42.00
42.50
44.00
44.00
42.00
42.00
44.00
44.00
43.00
42.00
42.00
44.00
43.00
44.00
42.00
44.00
43.00
44.00
42.00
44.00
42.00
43.00
44.00
44.00
42.00
43.00
44.00
42.00
42.00
42.00
41.00
42.00
44.00
42.00
44.00
44.00
42.00
44.00
44.00
44.00
44.00
44.00
43.00
44.00
44.00
42.00
44.00
44.00
42.00
44.00
44.00
42.00
42.00
42.00
42.00
42.00
42.00
42.00
42.00
44.00
44.00
44.00
44.00
42.00
44.00
44.00
42.00
43.00
43.00
44.00
43.00
44.00
42.00
41.00
41.00
41.00
41.00
41.00
41.00
41.00
41.00
41.50
44.00
41.00
43.00
41.00
42.00
41.50
41.50
41.00
41.00
41.00
42.00
41.50
40.50
42.00
41.00
42.00
41.00
42.00
41.00
41.00
41.00
41.50
41.00
41.00
41.00
43.00
43.00
43.00
41.00
42.00
41.00
43.00
43.00
41.00
43.00
42.00
43.00
41.00
41.00
41.00
43.00
41.00
43.00
43.00
42.00
43.00
43.00
41.00
41.00
43.00
43.00
43.00
40.50
41.00
41.00
41.00
41.00
44.00
43.00
44.00
44.00
42.00
43.00
42.00
44.00
44.00
42.00
42.00
43.00
42.00
42.00
43.00
44.00
44.00
42.00
42.00
42.00
42.00
42.00
42.00
42.00
41.50
42.00
42.00
44.00
43.00
42.00
42.00
42.00
42.00
42.00
42.00
41.00
42.00
42.00
42.00
42.00
42.00
42.00
42.00
42.00
42.00
42.00
42.00
42.00
42.00
42.00
42.00
42.00
42.00
42.00
42.00
42.00
42.00
42.00
42.00
42.00
42.00
43.00
42.00
42.00
42.00
42.00
42.00
42.00
42.00
42.00
42.00
41.50
42.00
42.00
42.00
42.00
42.00
42.00
42.00
42.00
42.00
42.00
42.00
42.00
42.00
42.00
42.00
42.00
42.00
42.00
42.00
42.00
42.00
42.00
42.00
42.00
42.00
42.00
42.00
42.00
42.00
42.00
42.00
41.00
41.00
40.50
40.00
40.00
41.00
41.00
42.00
40.50
41.00
41.00
41.00
41.00
41.00
41.00
41.00
41.00
40.50
41.00
43.00
41.00
41.00
40.00
41.00
41.00
40.50
41.00
41.00
41.00
41.00
41.00
41.50
41.00
41.00
41.00
41.00
41.00
42.00
40.50
41.00
41.00
41.00
41.00
41.00
41.00
41.50
41.00
40.00
40.00
41.00
41.00
40.50
41.00
41.00
41.50
41.00
41.00
41.00
41.00
41.00
40.50
40.00
41.00
41.00
41.50
42.00
42.00
41.50
42.00
42.00
41.50
42.00
42.00
42.00
42.00
42.00
42.00
42.00
42.00
42.00
42.00
42.00
42.00
42.00
42.00
42.00
42.00
42.00
41.00
42.00
42.00
42.00
42.00
42.00
42.00
42.00
42.00
42.00
42.00
42.00
42.00
42.00
42.00
42.00
44.00
42.00
44.00
43.00
159.00
167.00
173.50
177.50
180.00
181.00
182.00
187.00
192.00
192.00
194.50
194.00
195.00
195.00
194.00
193.00
192.50
191.00
189.00
188.00
186.00
182.00
183.00
183.00
181.00
181.00
181.50
183.00
182.00
182.00
182.50
184.00
184.50
187.50
188.00
188.00
188.50
189.00
189.00
189.00
190.00
190.00
190.00
190.00
191.00
191.00
189.00
191.00
190.00
191.00
191.00
190.00
189.00
192.00
190.00
190.00
192.00
192.00
192.00
191.00
191.00
190.00
187.00
188.00
188.50
191.00
191.00
190.00
187.00
189.00
188.50
190.00
189.50
186.50
187.50
186.00
187.00
189.00
188.00
187.50
188.00
186.00
186.00
186.50
185.00
186.50
184.00
186.00
185.00
185.00
185.00
187.00
185.50
186.50
187.00
187.00
187.00
184.00
186.00
187.00
185.00
186.00
186.00
185.00
185.00
186.00
185.00
183.50
185.00
182.00
183.00
183.00
184.00
184.50
183.00
184.50
185.00
184.00
184.00
183.50
184.00
183.00
183.50
182.00
183.00
184.00
183.00
186.00
184.00
184.00
184.00
186.00
187.00
185.00
185.00
187.00
187.00
183.50
185.00
185.00
183.00
185.00
184.50
182.50
186.00
185.50
183.00
185.00
183.50
183.00
184.00
183.00
182.00
183.00
183.00
182.00
183.00
183.00
183.00
183.00
183.00
183.00
183.00
183.00
183.00
182.50
182.00
182.00
183.00
182.00
182.00
182.00
182.50
183.00
183.00
182.00
182.50
182.00
183.00
182.50
182.00
183.00
183.00
182.00
182.00
182.50
182.00
182.00
182.00
183.00
182.00
182.50
182.00
181.50
182.00
182.50
182.00
182.00
182.00
182.00
182.00
182.00
182.00
182.00
182.00
182.00
182.00
182.00
182.00
182.00
182.00
182.00
182.00
182.00
182.00
181.00
181.00
182.00
182.00
181.00
182.00
181.50
138.00
98.00
99.00
98.50
100.00
101.00
102.00
100.50
101.00
102.00
102.00
102.00
102.00
103.00
102.00
101.50
102.50
103.00
104.00
103.00
103.50
104.00
104.00
104.00
106.00
106.00
106.00
106.00
106.00
106.50
106.00
106.00
106.00
106.00
106.00
106.00
105.50
106.00
106.50
127.00
147.00
148.00
148.50
149.00
149.50
82.00
82.50
84.00
83.00
83.00
83.00
83.00
83.00
82.50
83.00
83.00
80.50
80.50
82.00
80.00
80.00
80.00
81.00
80.00
81.00
81.00
81.00
81.00
81.00
81.00
80.00
80.00
80.50
80.00
81.00
80.00
82.50
83.00
83.00
83.00
81.00
82.50
83.00
82.50
83.00
83.00
83.00
81.00
83.00
82.00
82.00
82.00
83.00
82.50
83.00
82.00
82.00
82.00
82.00
82.50
83.00
83.00
82.50
83.00
83.00
82.00
83.00
83.00
83.00
83.00
83.00
83.00
83.00
82.00
83.00
83.00
82.50
82.50
83.00
82.50
83.00
82.00
83.00
83.00
147.00
145.50
219.00
226.00
225.00
230.00
230.00
227.00
228.00
228.50
142.00
140.50
141.50
142.00
143.00
144.00
143.00
145.00
145.00
146.00
146.00
146.00
146.00
146.00
145.50
145.50
146.00
145.50
146.50
146.50
146.00
146.50
147.00
147.00
147.00
147.00
147.00
147.00
146.50
146.00
147.00
147.00
146.00
148.00
148.00
147.50
148.00
147.50
146.00
146.00
146.50
147.00
147.00
146.50
146.50
146.00
147.00
147.00
148.00
147.00
148.00
148.00
147.00
148.00
148.00
148.00
148.00
147.50
148.00
149.00
148.00
148.00
148.00
147.50
147.50
148.00
148.00
148.00
149.00
148.00
148.00
149.00
148.00
146.00
148.00
149.00
149.00
147.50
148.00
148.00
147.00
149.00
149.00
149.00
149.50
147.00
149.00
149.00
148.00
149.00
150.00
149.50
150.00
150.00
149.50
150.00
149.00
149.50
149.00
149.50
149.00
151.00
149.00
150.00
149.50
150.00
150.00
151.00
148.00
150.00
149.50
151.00
149.50
149.50
149.50
150.00
150.00
150.00
150.00
149.00
150.50
150.00
150.00
150.00
150.00
150.00
150.00
150.50
150.00
149.00
150.00
149.00
150.00
149.00
150.00
150.00
150.00
150.00
151.00
151.00
149.50
148.50
149.00
150.00
150.00
150.00
150.00
150.00
150.00
150.00
150.00
150.00
149.00
149.00
150.00
151.00
150.00
149.50
150.00
150.00
150.00
151.00
150.00
150.50
150.50
150.00
150.50
150.00
149.50
149.50
151.00
150.00
150.50
149.00
149.00
149.00
151.00
150.50
150.00
150.00
150.50
149.00
150.00
149.50
150.00
150.00
149.00
149.00
149.00
149.50
149.00
149.00
150.00
149.00
149.00
149.00
149.00
149.00
149.00
148.50
149.00
149.00
149.00
149.00
149.00
149.00
149.00
149.00
149.00
148.50
148.00
148.00
148.00
147.00
146.50
145.00
145.50
145.00
145.00
145.00
145.00
145.00
145.00
145.00
145.00
145.00
145.00
145.00
145.00
146.00
145.00
145.00
126.00
107.00
41.00
41.50
42.00
43.00
41.00
41.00
42.00
41.00
42.00
42.00
42.00
42.00
42.00
43.00
41.50
41.00
41.00
41.00
41.00
41.00
40.00
40.50
41.00
42.00
41.00
40.00
41.00
40.50
41.50
41.00
41.00
41.00
41.00
42.00
41.00
41.00
41.00
41.00
41.00
42.00
41.00
41.00
41.00
41.00
41.00
41.00
41.50
40.00
41.00
40.50
40.50
41.00
40.00
42.00
42.00
42.00
42.00
42.00
42.00
42.00
42.00
42.00
42.00
42.00
42.00
42.00
42.00
42.00
42.00
42.00
42.00
42.00
42.00
42.00
42.00
42.00
42.00
42.00
42.00
42.00
42.00
42.00
42.00
42.00
42.00
42.50
44.00
1926.00
1929.50
1915.50
42.00
42.00
42.00
42.00
42.00
42.00
42.00
42.00
42.00
42.00
44.00
44.00
42.00
43.00
44.00
43.00
42.00
42.00
42.00
44.00
42.00
42.00
42.00
42.00
42.00
42.00
42.00
42.00
42.00
42.00
42.00
42.00
42.00
42.00
42.50
42.00
44.00
44.00
42.00
42.00
42.00
42.00
43.00
44.00
42.00
42.00
44.00
44.00
43.00
44.00
42.00
44.00
44.00
43.00
44.00
44.00
44.00
42.00
42.00
42.00
42.00
42.00
42.00
42.00
42.00
43.00
41.00
41.00
41.00
41.00
41.00
41.00
41.00
41.00
41.00
43.00
41.00
41.00
43.00
41.00
41.00
41.00
41.00
41.00
41.00
42.00
41.00
41.00
42.00
40.50
41.00
42.00
41.00
41.00
41.00
41.00
41.00
41.00
41.00
41.00
41.00
41.00
41.00
41.50
41.00
41.00
41.00
41.00
41.00
41.00
41.00
41.50
43.00
41.00
41.00
41.00
42.00
41.00
42.00
41.00
41.00
43.50
42.00
43.00
42.00
41.00
43.00
43.00
40.50
41.00
41.00
43.50
41.00
41.00
41.00
42.00
42.00
42.00
42.00
42.00
42.00
42.00
42.00
42.00
42.00
42.00
42.00
42.00
42.00
43.00
42.00
42.00
42.00
42.00
42.00
42.00
42.00
42.00
42.00
42.00
42.00
42.00
42.00
43.00
42.00
42.00
42.00
43.00
42.00
42.00
41.50
42.00
42.00
42.00
42.00
42.00
42.00
41.50
42.00
42.00
42.00
42.00
14.00
15.00
16.00
14.00
14.00
14.00
14.00
14.00
14.00
14.00
14.00
14.00
14.00
14.00
14.00
15.00
14.00
16.00
15.00
16.00
14.00
14.00
14.00
14.00
14.00
15.00
14.00
14.00
14.50
14.00
14.00
14.00
15.00
14.00
14.00
14.00
14.00
14.00
14.00
14.00
14.00
15.00
14.00
14.00
15.00
16.00
14.00
14.00
14.00
14.00
14.00
15.50
14.00
14.00
14.00
14.00
14.00
15.00
15.00
15.00
15.50
15.00
15.00
15.00
15.00
16.00
15.00
16.00
15.00
15.00
14.50
16.00
15.00
15.00
15.00
15.00
15.00
16.00
15.00
15.00
15.00
15.50
15.00
14.00
15.00
15.00
15.00
15.00
15.00
15.00
15.00
15.00
15.00
15.00
15.00
15.00
15.00
15.00
15.00
15.00
15.00
15.00
15.00
15.00
15.00
15.00
15.50
15.00
15.00
15.00
15.00
14.50
15.00
15.00
15.00
15.00
15.00
15.00
15.00
14.00
15.50
15.00
15.00
15.00
14.00
14.00
14.00
15.00
15.00
14.00
14.00
14.00
14.00
14.00
14.00
14.00
16.00
14.00
15.50
14.00
14.00
14.00
14.00
16.00
14.00
15.00
16.00
14.00
14.00
14.00
16.00
16.00
15.00
14.00
14.00
14.00
15.00
14.00
15.50
14.00
14.00
14.00
14.00
14.00
14.00
14.00
14.00
16.00
16.50
14.00
14.00
14.00
14.00
14.00
14.00
14.00
15.00
15.00
15.50
14.00
14.00
14.00
14.00
14.00
14.00
17.00
14.00
14.00
15.00
14.00
14.00
14.50
15.00
16.00
15.50
16.00
14.00
14.00
14.00
16.00
14.00
14.00
14.00
14.00
14.00
14.00
14.00
15.00
14.00
14.00
16.00
14.00
14.00
14.00
14.00
14.00
14.00
14.00
16.00
14.00
14.00
15.00
16.00
14.00
14.00
14.00
14.00
13.50
14.00
16.00
15.00
16.00
15.00
15.00
15.50
15.00
15.00
15.00
14.00
15.50
15.00
15.00
27.00
27.00
30.00
30.00
30.00
30.00
28.00
27.00
27.00
27.00
27.00
26.50
27.00
26.00
27.00
26.00
27.00
27.00
26.50
26.00
26.00
26.00
27.00
27.00
27.00
26.00
27.00
26.00
26.00
20.50
82.00
84.00
82.00
82.00
79.50
80.00
79.00
79.00
78.00
79.00
79.00
79.00
80.00
79.00
80.00
79.50
79.00
79.50
79.00
79.00
79.00
78.50
78.00
78.00
78.00
80.00
77.00
78.00
78.00
77.00
79.00
77.00
77.00
77.00
78.00
77.00
77.00
77.00
77.00
77.00
77.00
81.50
84.00
85.00
85.00
86.00
84.00
84.00
84.00
83.00
83.00
84.50
85.00
84.00
1169.50
1160.50
83.00
82.50
83.00
83.00
82.00
83.00
83.00
83.00
83.00
82.00
82.00
83.00
83.50
83.00
83.00
82.50
82.00
83.00
83.00
84.00
83.00
82.00
82.50
83.00
82.00
84.00
83.00
82.00
82.00
83.00
83.00
82.50
83.00
83.00
83.00
83.00
83.00
84.00
84.00
84.00
84.00
84.50
83.00
84.00
84.00
84.00
85.00
84.00
84.00
86.00
86.00
85.00
86.00
88.00
86.00
85.00
85.00
87.00
85.00
86.00
84.00
84.00
85.00
84.50
85.00
84.50
85.00
84.50
84.50
84.00
84.00
84.00
84.00
84.00
83.00
83.50
84.00
75.00
75.00
75.00
75.00
76.00
76.00
77.00
77.00
77.00
77.00
77.50
84.00
84.00
84.00
84.00
84.00
84.00
85.00
84.00
84.50
84.00
84.50
85.00
85.00
84.50
85.00
84.50
85.00
85.00
84.50
85.00
85.00
84.00
84.50
85.50
84.00
85.00
84.00
84.00
84.00
84.00
84.50
84.00
84.00
84.50
75.00
75.00
75.00
75.00
76.00
76.00
76.50
76.50
77.00
77.00
77.50
84.00
84.00
84.50
84.00
85.00
84.50
84.50
77.00
77.00
78.00
79.00
84.00
85.00
85.00
85.00
84.50
76.00
77.00
77.00
84.00
84.00
77.00
76.50
80.00
84.00
84.00
84.00
77.00
77.50
77.00
84.00
77.00
80.50
84.00
84.00
84.50
85.50
84.00
86.00
85.00
85.00
85.00
85.00
84.50
85.00
85.00
85.00
84.00
86.50
84.00
85.00
84.50
84.00
84.00
84.00
84.50
83.00
75.00
74.50
15.00
16.00
14.00
14.00
14.00
14.00
14.00
14.00
14.00
15.00
14.00
14.00
15.00
14.00
14.00
14.00
14.50
14.00
14.00
14.00
14.00
16.00
15.00
14.00
14.00
14.00
14.00
16.00
14.00
15.00
14.00
14.00
14.00
14.00
14.50
15.00
14.00
14.00
13.50
15.00
14.00
15.00
15.00
15.00
14.00
14.00
14.00
14.00
14.00
14.00
14.00
14.00
14.00
16.00
16.00
14.00
14.00
14.50
15.00
15.00
15.00
15.00
15.00
15.00
15.00
15.00
15.00
15.00
15.00
15.00
15.00
15.00
15.00
15.00
15.50
15.00
15.00
15.00
15.00
15.00
15.00
15.00
15.00
15.00
15.00
15.00
15.00
15.00
15.00
15.00
15.00
15.00
15.00
15.00
15.00
15.00
15.00
15.00
15.00
15.00
15.00
15.00
15.00
15.00
15.00
15.00
16.00
15.00
15.00
15.00
15.00
15.00
15.00
15.00
15.00
16.00
15.50
15.00
15.00
15.50
14.50
16.00
13.50
14.00
14.00
14.00
14.00
14.00
14.00
14.00
14.00
14.00
14.50
15.00
14.00
14.00
14.00
14.00
14.00
16.00
16.00
14.00
16.00
14.00
14.00
14.00
14.00
14.00
14.00
14.00
14.00
14.00
16.00
14.00
14.00
14.00
14.00
14.00
16.50
14.00
14.00
14.00
14.00
14.00
13.00
15.00
16.00
16.00
14.50
16.00
14.00
15.00
15.00
14.00
14.00
16.00
16.00
14.00
14.00
16.00
14.00
14.00
15.50
14.00
15.00
16.00
14.00
14.00
15.00
14.00
14.00
14.50
14.00
16.00
14.00
16.50
14.00
14.00
16.00
14.00
14.00
14.00
14.00
14.00
14.00
15.00
14.00
14.00
14.00
16.00
16.00
14.00
15.00
15.00
14.00
15.00
14.00
14.00
14.00
14.00
16.00
15.00
14.00
16.00
14.00
14.00
16.00
14.00
14.50
15.00
15.00
15.00
15.00
15.00
15.00
15.00
15.00
15.00
15.00
15.00
15.00
15.00
15.00
15.00
15.00
15.00
16.00
15.00
15.00
15.00
15.00
14.50
15.00
15.00
15.50
15.00
15.00
15.00
15.00
14.50
15.00
15.00
15.00
15.00
15.00
15.00
15.00
15.00
14.50
15.00
15.00
14.50
15.00
15.00
15.00
15.00
15.00
15.00
15.00
15.00
15.00
14.50
15.00
14.00
15.00
15.00
15.00
15.00
15.00
15.00
15.00
14.50
15.00
14.00
15.00
15.00
16.00
15.50
14.00
14.00
14.00
15.00
16.00
14.00
16.50
14.00
15.00
14.00
14.00
14.00
14.00
14.00
14.00
14.00
14.00
15.00
16.00
14.00
14.50
15.00
14.00
14.00
14.00
16.00
14.00
14.00
14.00
14.00
14.00
14.00
16.00
14.00
14.00
13.50
15.00
14.00
14.00
15.00
14.00
14.00
15.00
14.00
15.00
15.00
14.00
16.00
14.00
14.00
16.00
14.00
14.00
15.00
14.00
16.00
16.00
14.00
14.00
15.00
14.00
15.00
14.00
14.00
15.00
13.50
16.00
14.00
14.00
14.00
14.00
14.00
14.00
16.00
16.00
15.00
14.00
15.00
15.50
14.00
16.00
16.50
16.00
16.00
14.00
16.00
15.00
14.00
13.00
14.00
13.00
16.00
16.00
14.00
13.50
14.00
16.00
14.00
14.00
14.00
16.00
14.50
14.00
14.00
15.00
15.00
15.00
15.00
15.00
15.00
15.00
15.50
15.00
15.00
15.50
15.00
15.00
15.50
16.00
15.00
15.00
15.00
15.00
15.00
15.00
15.00
15.00
15.00
15.00
15.00
15.00
15.00
15.00
15.00
15.00
15.00
15.00
15.00
15.00
15.00
14.00
15.00
15.00
15.00
15.00
16.00
15.00
15.00
15.00
15.00
15.00
15.00
14.00
16.00
15.00
15.00
15.00
15.00
15.00
15.00
15.00
15.00
15.00
15.00
15.00
15.00
15.00
14.00
14.00
16.00
14.00
14.00
14.00
15.00
14.00
14.00
14.00
15.00
16.00
14.00
15.00
14.00
15.00
15.00
14.00
15.00
15.00
14.00
14.00
14.00
14.00
14.00
14.00
14.00
14.00
16.00
14.50
14.50
14.00
16.00
14.00
14.00
14.00
15.00
14.00
14.00
14.00
14.00
16.00
14.00
14.00
14.00
14.00
15.00
14.00
14.00
16.00
16.50
14.00
16.00
15.00
14.00
14.00
16.00
14.00
14.00
14.00
14.00
14.00
16.00
14.00
15.00
15.00
14.00
14.00
14.00
14.00
15.00
14.00
15.00
14.50
14.00
14.00
15.00
16.00
14.00
14.00
15.00
14.00
14.00
16.00
16.00
14.00
15.00
16.00
14.00
14.00
15.50
16.00
15.00
15.00
13.00
14.00
14.00
14.00
14.00
15.00
14.00
14.00
16.00
14.50
16.00
14.00
15.00
14.00
15.00
14.00
14.00
15.00
15.00
15.00
15.00
15.00
15.00
15.00
15.00
15.00
15.00
15.00
15.00
15.00
15.00
15.00
15.00
15.00
15.00
15.00
15.00
15.00
15.00
15.00
15.00
15.00
15.00
15.00
16.00
15.00
15.00
15.00
15.50
15.00
15.00
15.00
15.00
15.00
15.00
15.00
15.00
15.00
15.00
15.00
15.00
15.00
15.00
15.00
15.00
15.00
15.00
15.00
15.50
15.00
15.00
15.00
15.00
15.00
15.00
15.00
15.00
15.00
15.50
14.00
14.00
14.00
14.00
14.50
15.00
16.00
14.00
14.00
14.00
14.00
14.50
16.00
14.00
14.00
15.00
16.00
14.00
14.00
14.00
14.00
14.00
14.00
14.00
15.00
14.50
14.00
14.00
16.00
14.00
14.00
15.00
14.00
14.00
15.00
15.00
14.00
16.00
16.50
14.00
14.00
15.50
14.00
14.00
14.00
15.00
14.00
14.00
14.00
14.00
13.50
14.00
14.00
16.00
14.00
15.50
16.00
14.00
15.00
14.00
14.00
14.00
15.50
14.00
16.00
15.00
14.00
16.00
14.00
16.00
14.00
15.00
14.00
14.00
14.00
15.00
15.00
14.00
15.00
14.00
16.00
14.50
14.00
14.00
14.00
14.00
14.00
14.00
16.00
14.00
14.00
15.00
16.00
14.00
14.00
14.00
15.00
14.00
14.00
14.00
14.00
14.00
14.00
14.00
14.00
14.00
14.00
14.50
14.00
16.00
14.00
15.00
15.00
15.00
15.00
15.00
15.00
15.00
14.00
15.00
15.00
15.00
15.00
15.00
15.00
15.00
15.00
15.00
15.00
15.00
15.00
15.00
15.00
15.00
15.00
15.00
15.00
15.00
14.50
15.00
14.50
15.00
15.00
15.00
14.50
15.00
15.50
14.50
15.00
15.00
15.00
15.00
15.00
15.00
15.00
15.00
15.00
14.50
15.00
15.00
15.00
15.00
15.00
15.00
15.00
15.00
16.00
14.50
15.00
15.00
14.50
15.00
16.00
13.00
14.00
14.00
14.00
14.00
14.00
16.00
15.00
14.00
14.00
15.00
14.00
14.00
16.00
15.00
14.00
14.00
14.00
14.00
14.00
13.50
16.00
14.00
16.00
15.00
14.00
15.00
14.00
14.00
16.00
15.00
14.00
15.00
14.00
16.00
15.00
14.50
15.00
14.00
15.00
14.00
14.00
14.00
14.50
14.00
14.00
14.50
14.00
14.00
14.00
16.00
14.00
14.00
16.00
14.00
14.00
14.00
15.50
14.00
16.00
14.00
14.00
16.00
14.50
16.00
15.00
15.00
14.00
14.00
14.00
14.00
14.00
15.00
15.00
16.00
14.00
14.00
14.00
14.00
14.00
16.00
15.00
15.00
552.00
1084.00
1093.50
1105.50
1105.00
1108.00
1105.00
1105.00
1106.00
1105.50
1106.00
1104.00
1103.00
1103.00
1101.00
1101.00
1103.00
1101.50
42.00
42.50
42.00
42.00
42.00
571.50
42.00
42.00
42.00
42.00
39.00
570.00
38.50
39.00
39.00
39.00
38.00
38.00
38.00
1092.00
39.00
59.50
81.00
82.00
1612.00
1612.00
1604.00
1673.50
1674.00
1684.00
1690.00
1690.00
911.00
141.00
140.00
141.50
142.00
142.00
141.50
141.00
141.00
141.00
141.00
141.00
1212.00
141.00
141.00
141.00
82.00
82.00
82.00
82.00
1151.00
81.00
82.00
81.50
82.00
82.00
82.00
82.00
82.00
618.00
82.00
82.00
82.00
82.00
82.00
81.00
82.00
81.50
1155.00
82.50
82.50
82.00
82.00
156.00
159.00
157.00
695.00
150.00
154.00
154.50
156.00
155.00
156.50
157.00
157.00
1214.00
154.50
155.00
155.00
153.50
154.50
154.00
154.00
153.00
154.00
153.50
153.00
153.00
153.00
154.50
153.00
151.00
159.00
153.00
153.00
152.50
152.50
153.00
151.00
151.50
113.00
46.00
45.00
46.00
44.00
46.00
46.00
44.00
44.50
45.00
44.00
44.00
44.00
46.00
44.00
43.50
44.00
44.00
42.00
44.00
42.00
42.00
43.00
42.00
44.00
42.00
43.00
42.00
42.00
42.50
42.00
42.00
43.00
44.00
42.00
114.00
110.00
114.00
138.00
140.00
142.00
144.00
145.00
147.00
144.00
42.00
42.00
42.00
42.00
42.00
41.00
42.00
44.00
42.00
42.00
44.00
42.50
42.00
42.00
44.00
42.00
42.00
42.00
43.00
41.00
41.00
42.00
42.00
42.00
42.50
42.00
42.00
42.00
42.00
42.00
41.00
42.50
42.00
42.00
42.00
42.00
42.00
41.00
41.00
41.00
41.00
41.00
41.00
41.00
41.00
41.00
40.50
40.00
41.50
41.00
41.00
41.00
40.50
41.00
40.50
40.00
41.00
40.00
41.00
40.00
40.00
40.00
40.00
42.00
40.00
40.00
40.50
41.00
40.50
40.00
40.00
41.00
41.00
40.00
41.00
40.00
42.00
40.00
40.00
40.50
41.00
40.00
41.00
40.00
41.00
40.00
41.50
41.00
41.00
41.00
42.00
40.00
41.00
41.00
40.00
40.00
40.00
41.00
40.50
43.00
42.00
43.00
42.00
42.00
41.00
42.00
42.00
43.00
42.00
42.00
42.00
43.00
42.00
42.00
44.00
42.00
42.00
42.00
42.50
42.00
42.00
43.00
42.00
42.00
42.00
43.00
42.00
42.00
42.00
42.00
42.00
42.00
42.00
42.00
41.50
41.00
42.00
44.00
41.50
42.00
42.00
44.00
42.00
42.00
43.00
42.00
42.00
42.00
42.00
42.00
42.00
43.00
42.00
42.00
42.00
42.00
42.00
42.00
44.00
44.00
44.00
43.50
42.00
42.00
43.00
42.00
42.00
42.00
42.00
42.00
43.00
42.00
42.00
42.00
44.00
42.00
42.00
42.00
42.00
42.00
42.00
42.00
42.00
42.00
42.00
42.00
42.00
42.00
44.00
42.00
43.00
42.00
42.00
42.00
42.00
42.00
42.00
42.00
42.00
42.00
42.00
43.00
42.00
42.00
44.00
44.00
42.00
42.00
42.00
42.00
42.00
42.00
41.00
41.00
41.00
41.00
42.00
41.00
41.00
41.00
41.00
40.00
41.00
40.50
40.00
40.00
40.00
40.00
40.00
40.00
40.00
40.00
40.00
40.00
40.00
40.00
40.00
40.00
40.00
40.00
40.00
40.00
40.00
40.00
40.00
40.00
40.00
40.00
40.00
40.00
40.00
40.00
40.00
40.00
40.00
40.00
40.00
40.00
40.00
40.00
40.00
40.00
40.00
40.00
40.00
40.00
40.00
40.00
40.00
40.00
40.00
40.00
40.00
40.00
40.00
40.00
40.00
40.00
41.00
41.00
42.50
44.00
42.00
44.00
44.00
42.00
43.00
44.00
44.00
44.00
43.00
44.00
44.00
44.00
44.00
44.00
42.00
44.00
44.00
44.00
44.00
44.00
44.00
44.00
44.00
44.00
44.00
44.00
44.00
44.00
44.00
44.00
44.00
44.00
44.00
44.00
44.00
44.00
42.00
43.00
42.00
44.00
44.00
44.00
44.00
44.00
43.00
44.00
44.00
42.00
44.00
44.00
43.00
42.00
42.00
42.00
43.50
43.00
42.00
44.00
42.00
44.00
43.00
44.00
44.00
43.00
42.50
44.00
44.00
43.50
43.00
44.00
43.00
44.00
44.00
44.00
43.00
44.00
44.00
43.00
42.00
43.00
43.00
41.00
41.00
41.00
41.00
41.00
41.00
41.00
41.00
41.00
42.00
41.50
41.00
41.00
41.00
41.00
41.00
41.50
41.00
41.00
41.00
41.00
41.00
41.00
41.00
41.00
41.00
41.00
41.00
41.00
41.00
41.00
41.00
41.00
41.00
41.00
41.00
41.00
41.00
41.00
41.00
41.00
41.00
41.00
41.00
41.00
41.00
41.50
41.00
41.00
41.00
41.00
41.00
41.00
41.00
41.00
41.00
41.50
41.00
41.00
41.00
43.00
41.00
41.00
41.00
41.00
40.50
41.00
41.00
41.00
41.00
41.00
41.00
41.50
41.00
41.00
41.00
43.00
41.00
41.00
41.00
41.00
41.00
41.00
42.00
41.00
41.00
41.00
41.00
42.00
43.00
40.50
40.00
41.00
40.00
41.50
41.00
41.00
41.00
40.50
41.00
42.00
40.00
42.00
41.00
41.00
40.50
43.00
42.50
42.00
40.50
42.00
41.00
41.00
40.00
41.00
40.00
42.00
40.00
40.50
40.00
41.00
41.50
41.00
41.00
41.00
42.00
40.00
41.00
42.50
41.00
41.00
41.00
41.00
42.00
41.50
41.00
42.00
42.50
42.50
41.00
42.50
41.00
43.00
42.00
40.50
40.50
42.00
40.50
41.00
42.00
40.50
40.00
41.00
42.50
42.00
41.00
15.00
15.00
15.00
15.00
14.50
15.00
14.00
14.00
15.50
14.00
15.00
14.50
15.00
14.00
14.00
15.00
14.00
14.50
15.00
15.00
15.00
14.00
15.00
103.00
106.00
108.00
110.00
111.00
112.00
114.00
114.50
116.00
117.00
118.00
119.00
118.00
118.00
119.00
118.00
117.00
115.50
116.00
115.00
115.00
115.00
114.00
113.00
113.00
113.00
116.00
113.00
113.00
113.00
113.00
114.00
113.00
115.00
113.50
113.00
114.00
114.00
114.00
114.00
114.00
115.00
114.00
114.00
114.00
114.00
114.00
115.50
114.00
114.00
114.50
114.00
115.00
115.00
115.00
115.00
115.00
115.00
115.00
115.00
115.00
115.00
115.00
116.00
115.00
115.00
115.00
115.00
116.00
116.00
116.00
117.00
115.00
115.00
115.00
118.00
115.00
115.00
115.00
115.00
115.00
115.00
115.00
114.00
115.00
115.00
115.00
116.00
116.00
115.00
115.00
116.50
116.00
115.00
116.00
118.00
115.00
115.00
116.00
117.00
116.00
116.50
117.00
115.00
115.00
115.00
115.00
114.50
116.50
116.00
118.00
116.00
116.00
116.00
114.50
118.00
17.00
14.00
14.00
14.00
15.00
15.00
15.00
15.00
14.00
15.00
15.00
15.00
15.00
14.00
15.00
15.00
15.00
15.00
15.00
15.00
15.00
14.50
15.00
15.00
15.00
15.00
15.00
15.00
14.50
15.00
14.00
14.50
15.00
15.00
