105.00
105.00
105.00
105.00
105.00
105.00
106.00
105.00
105.00
105.00
105.00
106.00
105.50
105.00
105.00
105.00
105.00
106.00
105.00
104.50
105.00
105.00
104.50
105.00
105.00
105.00
105.00
105.00
105.00
105.00
1187.50
1182.00
1181.50
1183.00
1183.00
1183.00
1182.00
1181.00
1181.50
1180.00
1181.00
1181.00
1182.00
1180.00
1178.00
1148.50
107.00
107.00
105.00
105.00
105.00
1178.50
107.00
107.00
108.00
107.00
107.00
107.00
107.00
107.00
107.00
142.50
136.00
126.00
135.50
130.00
129.00
125.00
141.00
139.00
138.50
138.00
125.00
123.00
124.00
123.00
123.00
123.00
124.00
124.00
125.00
122.50
123.00
124.00
126.50
123.00
123.00
123.00
123.50
123.00
123.00
131.00
124.00
124.00
123.50
122.50
123.00
124.50
123.00
123.00
123.00
122.00
122.00
135.00
105.00
105.00
105.00
105.00
105.00
105.00
105.00
105.00
105.00
105.00
105.00
105.00
105.00
105.00
105.00
105.00
105.00
105.00
105.00
105.00
104.50
105.00
105.00
105.00
105.00
105.00
105.00
105.00
105.00
105.00
105.00
105.00
105.00
105.00
105.00
105.00
105.00
105.00
105.00
105.00
105.00
105.00
105.00
105.00
105.00
105.00
105.00
105.00
105.00
118.00
132.00
133.00
134.00
135.00
135.00
135.00
135.00
135.00
135.00
135.00
135.00
135.00
134.00
134.00
135.00
134.00
134.00
133.00
133.00
220.00
218.50
217.00
217.00
217.00
215.00
216.00
215.00
215.00
216.00
214.50
215.00
214.00
214.00
213.00
213.00
2962.75
2922.00
2918.50
2915.50
3072.00
3074.00
3074.00
3067.75
3067.00
3065.00
3065.50
3059.00
3060.00
3056.75
3055.50
3053.00
3055.50
3055.75
3055.50
3052.00
3053.25
3052.00
3053.00
3053.25
3054.50
3054.50
3058.25
3058.00
386.00
387.00
3124.50
3052.50
3047.50
3048.25
3046.00
3046.00
3044.75
3045.00
3042.50
3043.50
3042.50
3040.00
3037.00
3015.00
359.00
359.00
3122.75
3022.50
3017.50
3015.00
3012.50
3011.50
3010.00
3010.00
3007.50
3010.00
3006.50
3010.00
3013.00
362.00
362.00
3039.00
3019.25
3017.00
3016.50
3015.50
3014.50
3015.50
3013.00
3013.00
3010.50
3010.50
3010.50
3013.00
2763.00
108.00
105.00
2777.50
2765.75
2765.25
2765.00
2762.50
2756.50
2760.00
2760.00
2757.00
2759.00
2756.50
2757.75
105.00
2799.00
2770.50
2770.00
2788.50
2807.50
2808.75
2807.50
2808.50
2808.50
2804.00
2806.00
1477.50
151.00
2843.75
2786.50
2781.50
2781.50
2782.50
2776.50
2776.50
2774.00
2788.00
2802.50
150.00
151.00
1523.00
2830.00
2806.00
2805.50
2803.50
2800.00
2798.75
2798.50
2794.00
2769.00
2764.00
2758.00
151.00
150.00
2831.50
2797.50
2789.00
2794.00
2797.50
2798.00
2797.50
2797.50
2798.00
150.50
151.00
2832.50
2797.75
2795.00
2796.50
2794.50
2790.00
2785.00
2794.50
150.00
150.00
150.50
151.00
151.00
151.50
150.50
151.00
2809.50
2744.25
2730.50
2730.50
2725.50
2722.00
2725.50
2726.75
2725.50
2725.50
73.00
72.00
72.00
72.00
72.00
72.00
72.00
72.00
72.00
72.00
2775.50
2739.50
2735.50
2734.50
2735.50
2729.50
2729.50
72.50
72.00
72.00
72.00
72.00
72.00
72.00
72.00
72.00
72.00
72.00
72.00
72.00
73.00
72.00
72.00
72.00
73.00
72.00
72.50
71.50
72.00
74.00
72.00
72.00
72.00
72.00
72.00
72.00
72.00
72.00
72.00
72.00
72.00
72.00
72.00
72.00
72.00
72.00
72.00
72.00
72.00
73.50
72.00
72.00
72.00
72.00
72.00
72.00
72.00
72.00
72.00
72.00
72.00
72.00
72.00
72.00
72.00
72.00
72.00
72.00
72.00
71.50
72.00
72.00
72.00
72.00
72.00
72.00
72.00
72.00
72.00
72.00
74.00
74.00
74.00
74.00
74.00
74.50
74.00
74.00
74.00
74.00
74.00
74.00
72.00
71.00
71.00
72.00
69.00
69.00
69.00
67.00
66.00
66.50
66.00
66.00
66.00
66.00
66.00
66.50
64.00
65.00
64.00
64.00
64.00
64.00
64.00
64.00
61.00
61.00
61.00
61.00
61.00
61.00
61.00
61.00
61.00
61.00
61.00
61.00
61.00
61.00
61.00
61.00
61.00
61.00
61.00
61.00
61.00
61.00
61.00
61.00
61.00
61.00
61.00
61.00
61.00
61.00
61.00
61.00
61.00
61.00
61.00
61.00
61.00
61.00
61.00
61.00
61.00
62.00
61.00
61.00
61.00
61.00
61.00
61.00
61.00
61.00
61.00
61.00
61.50
62.00
62.00
62.00
61.00
61.00
61.00
61.00
61.00
61.00
61.00
61.00
61.00
61.00
61.00
61.00
62.00
62.00
62.00
61.50
62.00
62.00
62.00
61.00
61.00
62.00
62.00
62.00
62.00
62.00
62.00
62.00
62.00
62.00
62.00
62.00
62.00
62.00
62.00
62.00
62.00
62.00
62.00
62.00
62.00
62.00
62.00
62.00
62.00
62.00
62.00
62.00
62.00
62.00
62.00
62.00
62.00
62.00
62.00
60.00
59.00
60.50
60.00
59.00
59.00
60.00
57.00
57.00
57.00
57.00
57.00
57.00
57.00
54.00
54.50
54.00
54.00
54.00
54.00
54.00
54.00
54.50
52.00
52.00
51.00
51.00
52.00
52.00
52.00
51.00
49.00
49.00
49.00
49.00
49.00
50.00
49.00
49.00
49.00
49.00
49.00
49.00
49.00
49.00
50.00
49.00
52.00
52.00
52.00
52.00
52.00
52.00
52.00
52.00
52.00
52.00
52.00
52.00
52.00
52.00
52.00
52.00
52.00
49.00
49.00
49.00
49.00
49.00
49.00
49.00
50.00
49.00
49.00
49.00
49.00
49.00
49.00
49.00
49.00
49.00
49.00
49.00
134.00
134.50
132.00
132.00
132.00
132.00
132.00
131.50
131.50
131.00
132.00
130.50
131.00
130.00
130.00
131.00
129.00
130.50
129.50
130.00
130.00
129.00
130.00
137.50
139.00
138.00
138.00
137.50
128.00
129.00
128.50
128.00
129.00
208.00
211.50
214.00
217.00
218.00
220.00
222.00
224.00
227.00
227.00
228.00
230.00
229.00
228.00
228.00
227.00
225.00
224.00
223.00
223.00
222.00
221.50
222.00
222.00
222.50
223.00
222.50
223.00
222.00
222.00
222.50
223.00
221.00
222.00
221.50
222.00
221.00
220.50
221.00
221.00
221.00
221.00
221.00
221.00
221.00
221.00
220.00
220.50
221.00
221.00
220.50
220.50
220.00
220.00
219.00
219.00
218.50
218.00
218.00
218.00
218.00
218.00
217.50
218.00
217.00
217.00
218.00
217.00
216.00
217.00
216.00
216.00
216.00
216.00
216.00
216.00
216.00
215.00
215.00
215.00
215.00
215.00
215.00
215.00
215.00
215.00
215.50
216.00
214.00
214.50
215.00
215.00
215.00
215.00
215.00
215.00
214.50
214.00
213.00
213.00
213.00
213.00
213.00
213.00
213.00
213.00
213.00
213.00
213.00
212.50
212.50
212.00
211.00
211.00
211.00
212.00
212.00
212.00
212.00
212.00
211.50
211.00
211.00
211.00
210.00
211.00
211.00
210.00
210.00
209.00
210.00
212.50
213.00
211.00
212.00
212.00
211.50
212.00
212.00
211.00
212.00
211.00
211.00
211.00
210.00
210.00
210.00
211.00
208.00
207.50
208.00
208.00
207.00
201.50
202.00
202.00
202.00
202.00
202.00
202.00
201.00
202.00
202.00
202.00
202.00
201.00
201.50
202.00
201.00
202.00
201.50
201.00
202.00
202.00
202.00
202.00
202.00
202.00
202.00
202.00
202.00
202.00
202.00
202.00
202.00
201.00
201.00
202.00
202.00
201.50
201.00
201.00
200.00
202.50
201.00
200.00
201.50
202.00
203.00
201.50
200.00
202.00
202.00
202.00
201.00
201.50
202.00
202.00
201.00
203.00
205.50
203.00
205.00
204.00
205.00
206.00
204.50
205.50
205.00
205.00
203.00
204.00
203.00
204.00
205.00
203.50
202.50
205.00
203.00
203.50
203.00
206.00
201.00
204.50
205.00
203.00
205.00
203.00
204.00
204.00
724.50
1240.00
1236.00
1234.50
1235.00
1237.00
1235.50
1235.00
1236.00
1230.50
1215.50
1232.00
1236.00
1236.00
1234.50
1233.00
1231.50
1232.00
1230.00
203.50
203.00
204.00
204.00
203.00
126.50
126.00
126.50
125.00
127.00
1675.00
1654.50
1645.50
1651.00
1653.50
1649.50
1649.50
1650.50
125.00
124.00
125.50
125.00
125.00
126.00
125.00
125.00
125.50
124.00
124.00
125.00
125.00
125.50
125.00
124.50
125.00
122.00
121.50
121.00
122.00
125.00
125.00
125.00
126.00
125.00
125.00
126.00
125.50
126.00
126.00
125.00
125.00
126.00
126.00
124.50
126.00
126.00
125.50
126.00
126.00
126.50
125.00
126.00
125.50
126.00
126.00
127.00
126.00
126.00
126.00
126.50
126.00
127.00
129.50
128.50
129.00
128.00
129.00
128.00
129.00
128.50
128.00
130.00
128.50
128.50
128.00
128.00
128.00
129.00
170.00
171.50
159.50
158.00
172.00
157.50
174.00
173.50
171.50
174.00
173.00
174.00
172.00
162.50
153.50
153.00
164.50
156.50
160.50
187.50
180.50
183.50
176.00
181.00
181.50
181.50
186.50
184.50
180.00
183.00
183.50
187.00
168.00
161.00
164.50
164.00
164.50
161.50
162.00
168.00
165.50
163.00
165.00
165.00
159.50
155.00
153.50
153.50
153.00
154.50
152.50
153.00
152.50
155.00
159.50
159.00
152.00
153.00
153.00
150.50
149.50
152.00
154.00
150.50
149.50
145.00
139.50
142.00
142.00
145.00
143.50
141.00
141.00
141.50
155.00
156.00
124.00
123.00
123.00
123.00
126.00
126.00
126.00
125.00
126.00
126.00
126.00
126.00
126.00
126.00
125.00
123.00
124.00
123.00
125.00
126.00
125.50
125.00
122.00
123.00
124.50
124.50
126.00
123.50
123.00
123.00
123.00
123.00
123.00
123.00
124.00
123.00
123.00
123.50
123.00
122.00
123.00
123.00
123.00
123.00
123.00
124.00
123.00
123.00
123.00
123.00
123.00
123.00
123.00
123.00
123.00
122.00
123.00
124.00
124.00
124.00
123.50
124.00
124.00
124.00
123.50
123.00
123.50
3078.25
5971.00
5898.50
5922.75
5913.50
5896.00
5891.00
5884.50
5882.00
5881.00
5881.00
5881.00
5856.00
5868.75
5867.50
5869.50
5869.00
2998.25
123.00
123.00
122.50
123.00
123.00
122.50
122.50
123.00
122.50
2253.50
5881.00
5916.00
5901.00
123.00
122.50
123.00
122.00
90.00
90.50
129.50
5855.50
5873.25
5857.50
5850.00
5845.00
5831.75
5827.50
92.00
92.00
92.00
92.00
93.50
96.00
94.00
94.50
94.00
94.00
95.00
5791.00
5817.50
5802.50
5801.00
5786.50
91.00
91.00
91.50
92.00
91.00
89.00
111.00
5834.00
5810.50
5809.50
5802.25
5787.00
91.00
91.00
90.00
91.00
91.00
90.00
91.00
91.50
90.00
90.00
91.00
89.00
2963.75
5784.50
5812.00
5813.50
5798.25
5789.50
91.00
91.00
91.00
91.00
89.50
90.00
90.00
89.00
89.50
89.00
2647.25
5129.00
5168.50
5180.50
5139.75
5123.50
5123.50
5115.00
5122.50
5129.00
5129.00
5148.25
5167.50
5160.00
5161.25
5160.00
5162.50
2644.00
130.00
91.00
91.00
90.00
90.50
90.00
90.50
90.00
91.00
91.00
90.00
90.00
90.00
90.00
91.00
91.00
90.50
90.00
90.00
91.00
91.00
91.00
91.00
90.50
91.00
91.00
90.00
91.00
90.00
90.00
89.00
90.00
90.00
90.50
90.00
90.00
90.50
90.00
90.00
90.00
90.00
90.00
90.00
91.00
90.00
90.00
90.00
90.00
90.00
90.00
90.00
90.00
89.50
90.00
90.00
90.00
90.00
90.00
90.00
90.00
90.00
90.00
90.00
90.00
90.00
90.00
90.00
90.00
90.00
90.00
90.00
90.00
90.00
90.00
90.00
90.00
90.00
90.00
90.00
90.00
90.00
90.00
90.00
89.50
90.00
90.50
90.00
90.00
90.00
90.00
90.00
90.00
90.50
90.00
90.00
90.50
90.00
90.00
90.00
90.00
90.50
96.00
96.50
96.00
96.00
96.00
96.00
95.50
96.00
97.00
95.00
96.00
96.00
96.00
96.00
95.50
96.00
97.00
96.50
95.50
99.00
99.00
98.00
98.50
99.00
99.00
98.00
98.00
98.00
98.00
98.00
98.00
98.00
97.00
98.00
97.50
97.00
95.00
95.00
96.00
95.00
95.00
95.00
95.00
95.00
95.00
95.00
95.00
95.00
95.00
95.00
94.00
94.50
94.00
94.00
94.00
95.00
94.00
94.00
97.00
97.00
97.00
97.00
97.00
97.00
97.00
97.00
97.00
97.00
97.00
97.00
97.00
97.00
97.00
96.00
96.00
96.00
96.00
97.00
97.00
97.00
97.50
96.00
94.50
94.00
94.00
94.00
94.00
94.00
94.50
95.00
94.00
94.00
95.00
95.00
96.00
95.50
96.50
95.00
95.00
95.00
95.50
95.00
95.00
94.50
95.00
95.00
95.00
95.00
95.00
95.00
94.50
94.50
95.00
94.00
94.00
95.00
95.00
94.50
94.00
95.00
95.00
95.00
95.00
95.00
95.00
95.00
95.00
95.00
94.00
94.00
94.00
94.00
94.00
94.00
94.00
94.00
93.50
93.50
94.00
93.50
109.00
133.00
135.00
142.50
166.00
169.00
170.00
162.00
172.00
169.00
169.50
177.00
173.00
170.50
176.50
171.00
175.50
177.00
174.00
174.50
175.50
174.00
173.00
173.00
175.00
175.00
173.00
166.00
162.00
170.00
175.50
171.50
163.00
167.50
165.00
166.00
173.50
175.00
175.00
174.50
171.50
174.00
174.00
171.00
176.00
177.00
175.00
176.00
172.00
175.00
171.50
168.00
186.00
184.00
187.00
177.00
180.50
176.00
178.00
175.50
172.50
172.50
172.00
164.50
163.00
174.00
183.50
184.00
175.00
173.50
180.50
178.00
177.00
175.50
183.00
177.00
172.50
168.00
175.50
177.00
174.00
174.00
169.00
175.00
175.00
176.00
171.00
172.00
126.00
126.50
127.00
127.00
129.00
34.50
34.00
34.00
35.00
34.00
34.00
33.50
34.00
37.00
46.00
47.25
46.00
46.00
45.50
46.00
34.00
47.25
46.00
46.00
46.00
45.50
46.00
45.00
45.50
46.00
45.00
34.50
45.00
45.00
46.00
46.25
47.50
46.00
50.25
47.00
41.00
41.50
35.00
41.00
41.00
47.00
47.00
41.00
40.00
42.00
47.00
41.00
40.00
41.00
39.50
39.50
39.00
38.00
38.00
38.00
38.00
38.00
38.00
39.00
38.00
38.00
38.00
38.00
39.00
36.00
36.00
36.00
35.00
36.00
35.50
35.00
36.00
36.00
38.50
39.00
38.00
38.00
38.00
38.00
36.00
37.00
37.00
39.50
35.00
35.00
36.50
37.00
36.00
37.00
36.00
35.00
35.00
35.50
35.00
36.00
36.00
35.00
37.00
42.00
37.00
36.00
35.00
37.00
35.00
34.00
35.00
36.00
31.00
29.00
30.00
30.00
30.00
29.50
30.00
29.00
29.00
29.00
29.50
29.50
29.00
29.00
29.50
29.50
28.00
28.50
30.00
29.00
28.00
28.50
30.00
30.00
29.50
29.00
30.00
29.00
28.50
29.00
29.00
29.50
29.00
29.00
29.00
29.00
29.00
28.00
29.00
29.00
30.00
29.00
29.00
29.00
29.00
29.00
29.00
29.00
29.00
29.00
29.00
29.00
29.00
28.00
28.50
28.00
28.00
28.50
28.00
28.00
28.00
28.50
27.00
28.00
27.50
28.00
28.00
28.00
28.00
28.00
28.00
42.25
40.00
40.00
40.00
40.00
40.00
40.00
40.00
40.00
41.25
41.75
93.00
95.00
95.50
96.00
99.00
101.25
101.00
103.00
102.00
105.00
105.00
104.50
106.75
107.50
105.00
106.25
106.00
105.00
105.00
105.00
107.50
105.00
105.00
105.00
106.25
106.00
105.00
107.50
105.00
105.00
105.00
106.25
105.00
105.00
106.75
105.00
105.00
105.00
105.00
105.00
105.00
108.00
109.50
107.50
95.50
95.00
95.00
95.00
95.00
95.00
95.50
95.00
96.00
96.00
95.00
95.00
175.00
173.00
173.00
172.00
173.00
172.00
172.00
172.00
172.00
172.00
171.50
172.00
172.00
172.00
172.00
172.00
172.00
172.00
172.00
172.00
172.50
175.00
174.00
174.00
174.50
174.00
174.50
175.50
175.00
175.00
173.50
172.50
173.00
172.00
172.00
172.00
172.00
172.00
172.00
172.00
172.50
172.00
171.00
171.50
172.00
174.00
173.50
173.50
173.00
172.50
171.50
174.00
174.00
173.50
174.00
173.00
173.00
172.00
172.00
172.00
173.00
173.00
172.00
171.00
171.00
171.00
171.00
171.00
172.00
171.50
171.00
171.00
173.00
172.50
171.00
171.00
171.50
171.00
171.00
172.50
171.50
172.00
171.00
171.50
170.00
171.00
171.00
171.00
171.00
171.00
171.00
170.00
171.00
171.00
171.00
171.00
171.00
170.50
170.00
171.00
170.50
171.00
170.50
170.00
171.00
170.50
171.00
170.00
170.50
170.00
170.00
171.00
171.00
171.00
171.00
170.50
171.00
170.00
170.00
171.00
170.00
170.00
170.50
169.50
170.00
170.00
170.00
169.00
170.00
171.00
170.00
170.00
170.00
170.00
170.00
170.00
170.00
170.00
170.00
170.00
170.00
170.00
170.00
169.00
169.00
172.00
170.00
170.00
169.50
170.00
169.00
169.00
170.00
170.00
169.00
169.50
169.00
170.00
170.00
170.00
170.00
170.00
169.50
169.00
168.50
169.00
170.00
170.00
170.00
169.00
169.50
168.00
169.00
170.00
170.00
169.00
169.00
169.00
169.00
169.00
169.00
170.00
170.00
172.00
172.50
171.00
171.00
171.50
171.50
171.50
172.00
171.50
171.00
172.00
172.00
172.00
172.50
171.00
171.00
169.50
169.50
169.00
168.50
169.00
168.50
169.00
169.00
169.00
169.00
169.00
168.50
170.00
171.00
170.00
169.50
170.00
169.00
169.00
168.50
169.00
169.00
169.00
168.50
168.50
169.00
168.00
169.00
196.00
198.00
198.00
197.50
198.00
197.00
197.50
198.00
198.00
196.50
197.00
197.00
198.00
195.50
196.00
196.00
197.00
197.00
197.00
196.50
196.00
196.00
196.00
196.00
196.00
196.00
194.50
195.00
195.00
195.00
195.00
195.00
193.00
169.00
169.00
169.00
169.00
176.00
178.00
177.00
177.00
178.00
178.00
178.50
178.00
178.00
209.50
209.00
206.00
203.50
223.00
205.00
204.00
200.00
202.00
203.00
203.00
205.00
203.50
204.00
205.00
207.50
204.50
206.00
208.00
205.50
203.00
205.00
204.50
207.00
204.00
206.00
200.50
205.00
207.00
211.50
207.00
204.00
206.50
209.00
206.00
205.50
207.00
211.00
206.50
208.00
205.50
205.00
203.50
205.00
206.00
206.50
208.00
207.00
204.00
207.00
209.50
208.00
205.50
204.00
205.00
205.00
206.00
207.00
205.50
206.50
205.00
204.50
206.00
205.50
208.00
207.50
206.00
207.00
204.00
209.00
204.00
203.50
210.00
206.00
206.50
205.00
208.00
205.00
207.50
208.00
209.00
205.50
204.00
204.00
205.00
210.00
208.00
204.00
206.00
208.00
206.00
208.50
205.00
203.00
209.00
212.00
207.00
207.00
207.00
205.00
208.00
207.00
208.00
207.00
208.50
206.00
203.00
208.00
208.00
209.00
208.00
208.50
208.00
209.00
209.00
209.50
212.00
209.00
209.50
208.00
208.00
218.50
204.00
206.00
207.00
206.00
203.00
205.00
206.00
207.00
208.00
206.00
205.00
206.00
203.50
203.50
203.00
206.00
202.50
207.00
205.00
204.50
205.00
205.00
201.00
206.00
202.00
204.00
205.00
202.00
206.00
205.00
204.00
212.00
212.00
212.50
215.00
217.00
210.00
203.00
204.00
205.50
206.00
202.50
204.00
201.50
207.00
208.00
206.50
205.00
206.00
211.00
206.00
206.00
206.00
205.50
204.00
202.00
201.00
207.00
203.00
204.00
206.50
206.00
206.00
206.00
204.00
203.00
205.00
205.50
203.50
204.00
206.00
206.50
205.00
202.50
203.00
206.00
205.50
204.50
206.00
206.00
206.50
206.50
203.00
201.00
205.00
202.00
204.50
207.50
210.00
202.50
205.00
204.00
203.00
206.50
202.00
203.00
201.00
200.50
206.00
205.00
204.50
204.00
204.00
206.00
204.50
206.00
205.00
206.00
205.00
204.00
206.50
221.00
204.50
204.00
203.00
204.00
206.50
203.00
203.00
203.00
207.00
207.00
209.00
204.50
208.00
208.00
206.50
205.00
206.00
207.50
205.00
206.00
205.00
203.50
207.00
204.00
204.50
204.00
202.00
205.00
206.00
205.00
206.00
208.00
208.00
207.50
207.00
211.00
212.00
214.00
214.50
211.00
211.00
212.00
211.00
209.00
210.50
207.50
211.00
207.00
205.00
208.00
208.00
205.00
210.00
208.00
213.50
208.00
208.00
205.50
203.00
207.00
205.00
206.00
208.00
209.00
208.50
206.00
206.00
205.50
203.00
204.00
204.00
206.00
206.50
207.00
209.00
212.00
209.00
208.00
224.00
207.00
206.00
209.00
211.00
211.00
208.00
213.00
210.00
231.50
248.00
249.00
252.50
1778.00
1746.00
1750.00
1754.50
1758.00
1757.00
1761.00
1754.00
1763.00
1759.50
1759.00
1757.00
1757.00
253.00
255.00
251.50
251.00
251.00
248.00
247.50
265.00
258.00
254.50
263.00
267.00
265.50
258.00
261.00
266.00
266.00
258.00
269.00
270.00
258.00
264.00
270.00
259.00
270.00
266.00
263.00
270.50
257.00
265.00
263.00
266.00
260.00
255.00
257.00
266.00
255.00
262.00
255.00
253.00
255.50
254.00
252.00
255.50
258.00
273.00
265.00
267.50
261.00
270.00
271.50
270.00
271.50
267.50
267.00
268.00
273.00
269.00
267.00
254.50
271.50
269.00
272.00
267.00
255.00
272.00
268.00
267.50
266.00
258.00
265.00
258.00
271.50
265.50
259.00
271.00
270.50
262.50
269.00
252.50
254.00
264.00
257.00
251.50
246.00
246.00
246.00
230.00
221.00
221.00
217.00
213.00
212.00
213.00
213.00
212.00
136.00
104.00
104.00
104.00
104.00
104.00
104.00
104.00
104.00
104.00
104.00
104.00
104.00
104.00
104.00
104.00
104.00
104.00
104.00
104.00
104.00
104.00
104.00
104.00
104.00
104.00
104.00
104.00
104.00
104.00
104.00
104.00
104.00
104.00
104.00
104.00
104.00
104.00
104.00
104.00
104.00
104.00
104.00
104.00
104.00
104.00
104.00
104.00
104.00
104.00
104.00
104.00
104.00
104.00
104.00
104.00
104.00
104.00
104.00
104.00
104.00
104.00
104.00
104.00
104.00
104.00
104.00
104.00
104.00
104.00
104.00
104.00
107.00
107.00
107.00
107.00
107.00
106.00
106.00
107.00
107.00
106.00
106.00
107.00
107.00
107.00
106.50
106.00
106.00
104.00
104.00
104.00
104.00
104.00
104.00
104.00
104.00
104.00
104.00
104.00
104.00
104.00
104.00
104.00
104.00
104.50
104.00
104.00
104.00
104.00
104.00
105.00
104.00
104.00
104.00
104.00
104.00
104.00
104.00
104.00
104.00
104.00
104.00
104.00
104.00
104.00
104.00
104.00
104.00
104.00
104.00
104.00
104.00
104.00
104.00
104.00
104.00
104.00
104.00
104.00
104.00
104.00
104.00
104.00
104.00
104.00
104.00
104.00
104.00
104.00
104.00
104.00
104.00
104.00
104.00
104.00
104.00
104.00
104.00
104.00
104.00
105.00
105.00
105.00
104.00
104.00
104.00
105.00
104.00
104.00
104.00
104.00
104.00
105.00
105.00
104.50
104.00
104.00
105.00
104.00
104.00
104.00
104.00
104.00
104.00
104.00
104.00
104.00
104.00
104.00
104.00
104.00
104.00
104.00
104.00
104.00
104.00
104.00
104.00
104.00
104.00
104.50
104.00
104.00
104.00
104.50
104.00
104.00
104.50
104.00
104.00
104.00
104.00
104.00
104.00
104.00
104.00
104.00
104.00
104.00
104.00
104.00
104.00
104.50
104.00
104.00
104.00
104.00
104.00
104.00
104.00
104.00
104.00
104.00
104.00
104.00
104.00
104.00
104.00
104.00
104.00
104.00
104.00
104.00
104.00
104.00
104.00
104.00
104.00
105.00
104.00
104.00
104.00
104.00
104.00
105.00
104.00
104.00
104.00
104.00
105.00
104.00
105.00
104.00
104.50
104.00
105.00
104.50
104.00
104.50
104.50
107.00
107.00
107.00
107.00
107.00
107.00
107.00
107.00
107.00
107.00
107.00
107.00
107.00
107.00
107.00
107.00
107.00
104.00
104.00
104.00
104.00
104.00
104.00
104.00
105.00
104.00
104.00
104.00
105.00
105.00
105.00
105.00
105.00
105.00
105.00
105.00
105.00
105.00
105.00
105.00
105.00
105.00
105.00
105.00
105.00
105.00
105.00
105.00
105.00
105.00
105.00
105.00
105.00
105.00
105.00
105.00
105.00
105.00
105.00
105.00
105.00
105.00
105.00
105.00
105.00
105.00
105.00
105.00
105.00
105.00
105.00
105.00
105.00
105.00
105.00
105.00
105.00
105.00
105.00
105.00
105.00
104.50
105.00
105.00
104.50
104.50
105.00
104.00
104.00
104.00
104.00
105.00
104.50
104.00
104.00
104.50
104.00
105.00
105.00
104.00
104.00
104.50
105.00
105.00
105.00
105.00
105.00
105.00
105.00
105.00
105.00
105.00
113.00
114.00
114.00
132.50
156.00
105.00
105.00
105.00
105.00
105.00
105.00
105.00
105.00
105.00
105.00
105.00
105.00
105.00
105.00
105.00
105.00
105.00
105.00
105.00
105.00
105.00
105.00
105.00
105.00
105.00
105.00
105.00
105.00
105.00
105.00
105.00
105.00
105.00
105.00
105.00
105.00
105.00
105.00
105.00
105.00
105.00
105.00
105.00
105.00
105.00
105.00
105.00
105.00
105.00
105.00
105.00
105.00
105.00
105.00
105.00
105.00
105.00
105.00
105.00
105.00
105.00
105.00
105.00
105.00
105.00
105.00
105.00
105.00
105.00
105.00
105.00
105.00
105.00
105.00
105.00
105.00
105.00
105.00
105.00
105.00
105.00
105.00
108.00
108.00
108.00
108.00
108.00
108.00
108.00
107.00
108.00
108.00
108.00
107.50
108.00
107.00
107.00
108.00
108.00
105.00
105.00
105.00
105.00
105.00
105.00
105.00
105.00
105.00
105.00
105.00
105.00
105.00
105.00
105.00
105.00
105.00
105.00
105.00
105.00
105.00
105.00
105.00
105.00
105.00
105.00
105.00
105.00
105.00
105.00
105.00
105.00
105.00
105.00
105.00
105.00
105.00
105.00
105.00
105.00
105.00
105.00
105.00
105.00
105.00
105.00
105.00
105.00
105.00
105.00
105.00
105.00
105.00
105.00
105.00
105.00
105.00
105.00
105.00
105.00
105.00
105.00
105.00
105.00
105.00
105.00
105.00
105.00
105.00
105.00
105.00
105.00
105.00
105.00
105.00
105.00
105.00
105.00
105.00
105.00
105.00
105.00
105.00
105.00
105.00
105.00
105.50
105.00
105.00
105.00
105.00
105.00
105.00
105.50
105.00
105.00
105.50
105.00
105.00
105.00
105.00
105.00
105.50
105.00
105.00
105.00
105.00
105.00
105.00
106.50
106.00
105.00
105.00
105.50
106.00
106.00
106.00
106.00
105.00
105.00
105.00
106.00
106.00
105.00
105.00
105.00
105.50
106.00
105.00
105.00
105.00
105.00
105.00
106.00
106.00
106.00
106.00
106.00
106.00
106.00
106.00
106.00
106.00
106.00
106.00
106.00
106.00
106.00
106.00
106.00
106.00
105.00
105.00
105.00
105.50
105.00
105.00
105.00
105.00
105.00
105.00
105.00
105.00
105.00
105.00
105.00
105.00
105.00
105.00
105.00
105.00
105.00
105.00
105.00
105.00
105.00
105.00
105.00
105.00
105.00
105.00
105.00
109.00
108.50
108.00
108.00
108.00
108.00
108.00
108.00
108.00
108.50
108.00
108.00
108.00
108.00
108.00
108.00
106.00
106.00
106.00
106.00
106.00
106.00
106.00
106.00
106.00
106.00
106.00
106.00
106.00
106.00
106.00
106.00
106.00
106.00
106.00
106.00
106.50
106.00
106.00
106.00
106.00
106.00
106.00
106.00
106.00
106.00
106.00
106.00
106.00
106.00
106.00
106.00
106.00
106.00
106.00
106.00
106.00
106.00
106.00
106.00
106.00
106.00
106.00
106.00
106.00
106.00
106.00
106.00
106.00
106.00
106.00
106.00
106.00
106.00
106.00
106.00
106.50
105.00
106.00
106.00
106.00
106.00
106.00
106.00
106.00
106.00
106.00
106.00
106.50
106.00
107.00
106.00
106.00
106.00
106.50
106.00
106.00
106.00
106.00
106.00
106.00
106.50
106.00
106.00
106.00
106.00
106.00
106.00
106.00
106.00
106.00
106.00
106.00
106.00
106.00
106.00
106.00
106.00
106.00
106.00
106.00
106.00
106.00
106.00
106.00
106.00
106.00
106.00
106.00
106.00
106.00
106.00
106.00
106.00
106.00
106.00
106.00
106.00
106.00
106.00
106.00
106.00
106.00
106.00
106.00
106.00
106.00
106.00
106.00
106.00
106.00
106.00
106.00
106.00
106.00
106.00
106.00
106.00
106.00
106.00
106.00
106.00
106.00
107.00
106.00
106.00
106.00
106.00
106.00
106.00
106.00
106.00
106.00
105.50
106.00
106.00
106.00
106.00
106.00
106.00
106.00
106.00
106.00
106.00
106.00
106.00
106.00
106.00
106.00
106.00
106.00
106.00
106.00
106.00
106.00
106.00
106.00
106.00
108.00
108.00
108.00
108.00
108.00
108.00
108.00
108.00
108.00
108.00
108.00
108.00
108.00
108.00
108.00
108.00
106.00
106.00
106.00
106.00
106.00
106.00
106.00
106.00
106.00
106.00
106.50
106.00
106.00
106.00
106.00
106.00
106.00
106.00
105.00
105.00
105.00
105.00
105.00
105.00
105.00
105.00
105.00
105.00
105.00
105.00
105.00
105.00
105.00
105.00
105.00
105.00
105.00
105.00
105.00
105.00
105.00
105.00
105.00
105.00
105.00
105.00
105.00
105.00
105.00
105.00
105.00
105.00
105.00
105.00
105.00
105.00
105.00
105.00
106.00
106.00
106.00
106.00
106.00
106.00
106.00
106.00
106.00
106.00
105.00
105.00
106.00
106.00
106.00
106.00
106.00
106.00
106.00
106.00
106.00
106.00
106.00
106.00
106.00
106.00
106.00
106.00
106.00
106.00
106.00
106.00
106.00
106.00
106.00
106.00
106.00
106.00
106.00
106.00
106.00
106.00
106.00
106.00
106.00
106.00
106.00
105.50
106.00
106.00
105.50
106.00
106.00
105.50
105.50
106.00
106.00
106.00
106.00
106.00
106.00
106.00
106.00
106.00
106.00
106.00
106.00
106.00
106.00
106.00
106.00
106.00
106.00
106.00
106.00
106.00
106.00
106.00
106.00
106.00
106.00
106.00
106.00
106.00
106.00
106.00
106.00
106.00
106.00
106.00
106.00
106.00
106.00
106.00
106.00
106.00
106.00
106.00
106.00
106.00
106.00
106.00
106.00
106.00
106.00
106.00
106.00
106.00
106.00
106.00
106.00
106.00
106.00
106.00
106.00
106.00
106.00
106.00
106.00
106.00
106.00
106.00
106.00
106.00
108.00
107.50
108.00
108.00
108.00
108.00
108.00
108.00
108.00
108.00
108.00
108.00
108.00
108.00
108.00
108.00
107.00
106.00
106.00
106.00
106.00
106.00
106.00
106.00
106.00
106.00
106.00
106.00
106.00
106.00
106.00
106.00
106.00
106.00
106.00
106.00
106.00
106.00
106.00
106.00
106.00
106.00
106.00
106.00
106.00
106.00
106.00
106.00
106.00
106.00
106.00
106.00
106.00
106.00
106.00
106.00
106.00
106.00
106.00
106.00
106.00
106.00
106.00
106.00
106.00
106.00
106.00
106.00
106.00
106.00
106.00
106.00
106.00
106.00
106.00
106.00
106.00
106.00
106.00
106.00
106.00
106.00
106.00
106.00
106.00
106.00
106.00
106.00
106.00
106.00
106.00
106.00
106.00
106.00
106.00
106.00
106.00
106.00
106.00
106.00
106.00
106.00
106.00
106.00
106.00
106.00
106.00
106.00
106.00
106.00
106.00
106.00
106.00
105.00
105.00
105.00
105.50
106.00
106.00
105.00
105.50
105.00
105.00
105.50
105.00
105.00
105.00
105.00
105.00
105.00
105.50
106.00
106.00
105.00
105.00
106.00
105.50
105.00
106.00
105.00
106.00
106.00
106.00
105.50
106.00
105.00
105.50
105.00
105.00
105.00
106.00
106.00
105.00
106.00
106.00
106.00
106.00
106.00
106.00
106.50
105.50
105.00
106.00
105.50
106.00
106.00
106.00
105.00
105.00
105.00
106.00
106.00
106.00
106.00
106.00
106.00
106.00
106.00
106.00
106.00
106.00
106.00
106.00
106.00
106.00
106.00
106.00
106.00
106.00
106.00
106.00
106.00
106.50
106.00
106.00
106.00
106.00
107.00
106.00
107.00
108.00
108.00
108.00
108.00
108.00
108.00
108.00
108.00
108.00
108.00
108.00
108.00
108.00
108.00
108.00
108.00
106.00
106.00
106.00
106.00
106.00
106.00
106.00
106.00
106.00
106.00
106.00
106.00
106.00
106.00
106.00
106.00
106.00
106.00
106.00
106.00
106.00
106.00
106.00
106.00
106.00
106.00
106.00
106.00
106.00
106.00
106.00
106.00
106.00
106.00
106.00
106.00
106.00
106.00
106.00
106.00
106.00
106.00
106.00
107.00
106.00
106.00
106.00
106.00
106.00
106.00
106.00
106.00
106.00
106.00
106.00
106.00
106.00
106.00
106.00
106.00
106.00
106.00
106.00
106.00
106.00
106.00
106.00
106.00
106.00
106.00
106.00
106.00
106.00
106.00
106.00
106.00
106.00
106.00
106.00
106.00
106.00
106.00
106.00
106.00
106.00
106.00
106.00
106.00
106.00
106.00
106.00
106.00
106.00
106.00
106.00
106.00
106.00
106.00
106.00
106.00
106.00
106.00
106.00
106.00
106.00
106.00
106.00
106.00
106.00
106.00
106.00
106.00
106.00
106.00
106.00
106.00
106.00
106.00
106.00
106.00
106.00
106.00
106.00
106.00
106.00
106.00
106.00
106.00
106.00
106.00
106.00
106.00
106.00
106.00
106.00
106.00
106.00
106.00
106.00
106.00
106.00
106.00
106.00
106.00
106.00
106.00
106.00
106.00
106.00
106.00
106.00
106.00
106.00
106.00
106.00
106.00
106.00
106.00
106.00
106.00
106.00
106.00
106.00
106.00
106.00
106.00
106.00
106.00
106.00
106.00
106.00
106.00
106.00
106.00
106.00
106.00
106.00
106.00
106.00
106.00
106.00
106.00
108.00
109.00
108.50
108.00
108.00
108.00
108.00
108.00
108.00
108.00
108.00
108.00
108.00
108.00
108.00
108.00
108.00
106.00
106.00
106.00
106.00
106.00
106.00
106.00
106.00
106.00
106.00
106.00
106.00
106.00
105.50
106.00
106.00
105.00
105.50
106.00
106.00
106.00
105.50
105.00
105.00
105.00
105.00
105.00
105.00
105.50
105.00
105.00
105.00
105.00
106.00
105.00
105.00
105.00
105.00
105.00
105.00
105.00
105.00
105.00
105.00
105.00
105.00
105.00
106.00
106.00
106.00
106.00
106.00
106.00
106.00
106.00
106.00
106.00
106.00
106.00
106.00
106.50
106.00
106.00
106.00
105.00
106.00
106.00
106.00
106.00
106.00
107.00
106.00
106.00
106.00
106.00
106.00
106.00
106.00
106.00
106.00
106.00
106.00
106.00
106.00
106.00
106.00
106.50
106.00
106.00
106.00
106.50
106.00
106.00
105.00
106.00
106.00
106.50
106.00
106.00
106.00
106.00
106.00
106.00
106.00
106.00
106.00
106.00
106.00
106.00
106.00
106.00
106.00
106.00
106.00
106.00
106.00
106.00
106.00
106.00
106.00
106.00
106.00
106.00
106.00
106.00
106.00
106.00
106.00
106.00
106.00
106.00
106.00
106.00
106.00
106.00
106.00
106.00
106.00
106.00
106.00
106.00
106.00
106.00
106.00
106.00
106.00
106.00
106.00
106.00
106.00
106.00
106.00
106.00
105.00
105.00
105.00
105.00
105.00
105.00
105.00
105.00
105.00
105.00
105.00
105.00
105.00
105.00
105.00
105.00
105.00
105.00
105.00
105.00
105.00
105.00
105.00
105.00
105.00
105.00
105.00
105.00
108.00
108.00
108.00
108.00
108.00
108.00
108.00
108.00
108.00
108.00
108.00
107.50
108.00
107.50
108.00
107.00
107.00
105.00
105.00
105.00
105.00
105.00
105.00
105.00
105.00
105.00
105.00
105.00
105.00
105.00
105.00
105.00
105.00
105.00
105.00
105.00
105.00
105.00
105.00
105.00
105.00
105.00
105.00
105.00
105.00
105.00
105.00
105.00
105.00
105.00
105.00
105.00
105.00
105.00
105.00
105.00
105.00
105.00
105.00
105.00
105.00
105.00
105.00
105.00
105.00
105.00
105.00
105.00
105.00
105.00
105.00
105.00
105.00
105.00
105.00
105.00
105.00
105.00
105.00
105.00
105.00
105.00
105.00
105.00
105.00
105.00
105.00
105.00
105.00
105.00
105.00
105.00
105.00
105.00
105.00
105.00
105.00
105.00
105.00
105.00
105.00
105.00
105.00
105.00
105.00
105.00
105.00
105.00
105.00
105.00
105.00
105.00
105.00
106.00
105.00
105.00
105.50
106.00
105.00
105.00
105.00
105.00
105.00
105.00
105.00
105.00
105.00
105.00
105.00
190.00
189.00
188.00
188.00
188.00
188.00
188.00
187.50
187.00
187.00
187.00
187.00
186.00
186.00
186.00
186.00
186.00
186.00
186.00
186.00
185.00
186.00
185.50
186.00
185.00
106.00
105.50
106.00
105.00
105.00
105.00
146.50
236.50
242.00
245.00
250.00
252.00
250.00
254.00
264.50
267.00
267.00
270.50
280.00
279.00
279.50
278.50
271.00
267.00
271.50
268.50
271.00
270.00
265.00
265.50
265.50
275.00
275.50
267.00
263.00
267.00
276.50
281.00
281.00
274.00
279.50
274.00
277.00
279.50
273.00
274.00
281.00
275.00
277.00
272.00
271.50
274.00
266.00
265.00
265.00
218.00
216.50
216.00
217.00
217.00
216.00
214.00
215.00
215.00
215.00
215.00
215.50
215.00
215.00
215.50
215.50
216.00
215.00
215.50
216.00
216.00
215.50
216.00
216.00
216.00
216.00
216.00
216.00
216.00
216.00
215.00
215.50
215.00
215.00
215.50
215.00
215.00
215.00
215.00
215.00
215.00
215.00
215.00
215.00
215.00
215.00
215.00
215.00
215.00
215.00
215.00
215.00
215.00
215.00
215.00
215.00
214.00
215.00
215.00
214.00
214.00
214.00
214.00
215.00
214.50
215.00
214.00
214.50
214.00
214.00
213.00
213.00
214.00
213.00
213.00
213.00
212.00
212.00
212.00
212.00
212.00
212.00
212.00
212.00
212.00
211.00
211.50
211.50
212.00
211.00
211.00
211.50
211.00
211.00
211.00
211.00
211.00
211.00
211.00
211.00
211.00
211.00
211.00
211.00
211.00
211.00
211.00
211.00
211.00
211.00
211.00
211.00
211.00
212.00
212.00
211.00
212.00
212.00
211.50
211.00
212.00
211.50
212.00
211.00
211.50
211.00
211.00
211.00
212.00
211.50
212.00
212.00
211.00
211.00
211.00
210.00
210.00
210.50
211.00
244.00
265.00
256.50
264.50
266.00
1314.50
1314.00
1313.00
1307.00
1292.00
1291.00
1307.50
1324.00
1318.00
1322.00
1317.50
1318.00
1325.00
1319.00
1295.00
1295.00
259.00
253.00
262.00
266.50
265.00
260.00
247.00
262.50
267.00
264.00
265.50
254.00
265.00
257.00
256.00
266.00
272.50
268.00
268.00
261.00
263.00
267.50
478.00
479.50
473.00
473.00
474.50
482.00
483.00
480.50
480.00
482.00
479.50
479.00
481.00
476.00
482.00
479.00
478.00
479.50
479.00
480.00
474.50
478.00
473.00
473.50
471.00
478.00
474.00
481.00
470.00
477.00
473.00
474.00
477.00
472.00
475.00
472.00
472.00
480.00
473.00
476.00
473.50
467.00
468.00
466.50
467.00
468.00
468.00
466.00
466.00
466.50
466.00
409.50
410.00
409.50
409.00
409.00
409.00
410.00
409.00
409.50
409.50
410.00
410.00
410.00
409.00
409.00
409.50
409.00
409.00
410.00
410.00
409.00
409.00
409.00
409.50
408.00
408.50
408.00
408.00
408.50
408.00
408.00
408.50
409.00
409.50
410.00
409.00
409.00
410.00
409.00
409.00
409.00
408.50
409.00
409.50
409.00
409.00
409.00
410.00
408.00
384.00
384.00
385.00
384.00
384.00
384.00
384.00
384.00
393.00
393.00
394.00
394.00
394.00
394.00
394.50
397.50
397.00
397.00
397.00
397.00
397.00
397.00
397.50
395.00
142.00
141.00
141.00
142.00
141.00
142.00
142.00
140.50
140.00
140.00
140.00
140.50
141.00
139.00
152.00
145.00
144.00
146.00
145.00
145.00
145.00
145.00
145.00
146.00
146.00
146.50
146.00
145.50
146.00
145.00
144.00
144.50
144.00
144.00
144.00
144.00
145.00
144.00
144.00
144.00
144.00
144.00
131.00
89.00
115.50
117.00
118.00
117.50
117.00
117.00
117.50
118.00
118.00
118.00
117.50
116.00
89.50
89.00
90.00
90.00
89.50
89.00
89.00
26.00
26.00
27.00
26.00
26.00
26.00
26.00
26.00
26.00
26.00
26.00
26.50
26.00
26.00
26.50
26.50
26.00
27.00
29.00
29.00
29.00
29.00
29.00
29.00
29.00
29.00
29.00
29.00
29.00
29.00
29.00
29.00
29.00
29.00
28.00
27.00
26.00
26.00
26.00
26.00
26.00
26.00
26.00
26.00
26.00
26.00
26.00
26.00
26.00
26.00
26.00
26.00
26.00
26.00
26.00
26.00
26.00
26.00
26.00
26.00
26.00
26.00
26.00
26.00
26.00
26.00
26.00
26.00
26.00
26.00
26.00
26.00
26.00
26.00
26.00
26.00
26.00
26.00
26.00
26.00
26.00
26.00
26.00
26.00
26.00
26.00
26.00
26.00
26.00
26.00
26.00
26.00
26.00
26.00
26.00
26.00
26.00
26.00
26.00
25.50
26.00
26.00
26.00
26.00
26.00
26.00
26.00
26.00
26.00
25.50
26.00
26.00
26.00
26.00
26.00
26.00
26.00
26.00
26.00
26.00
26.00
26.00
26.00
26.00
26.00
26.00
26.00
26.00
26.00
26.00
26.00
26.00
26.00
26.00
26.00
26.00
26.00
25.50
26.00
26.00
25.50
26.00
26.00
26.00
26.00
26.00
26.00
26.00
26.00
26.00
26.00
26.00
26.00
26.00
26.00
26.00
26.00
26.00
