66.50
66.00
66.00
66.00
66.00
66.00
66.00
66.00
66.00
66.00
66.00
66.00
66.00
66.00
66.00
66.00
66.00
66.00
66.00
66.00
66.50
66.00
67.00
66.00
66.00
66.00
66.50
66.00
66.00
66.00
66.00
66.00
66.00
66.50
67.00
66.00
66.00
66.00
66.00
66.50
66.00
66.00
66.00
66.50
66.00
66.00
66.50
66.00
67.00
66.00
66.00
66.00
66.00
66.00
66.00
66.00
66.00
66.00
66.00
66.00
66.00
66.00
66.00
66.00
69.00
69.00
69.00
69.00
69.00
69.00
69.00
69.00
68.00
69.00
68.00
69.00
69.00
68.00
68.00
69.00
69.00
66.00
66.00
66.00
66.00
66.00
66.00
66.00
66.00
66.00
66.00
66.00
66.00
66.00
66.00
66.00
66.00
66.00
66.00
66.00
66.00
66.00
66.00
66.00
66.00
66.00
66.00
66.00
66.00
66.00
66.00
66.00
66.00
66.00
66.00
66.00
66.00
66.00
66.00
66.00
66.00
66.00
66.00
66.00
66.00
66.00
66.00
66.00
66.00
66.00
66.00
66.00
66.00
66.00
66.00
66.00
66.00
66.00
66.00
66.00
66.00
66.00
66.00
66.00
66.50
66.00
66.00
66.00
66.00
66.00
66.00
66.00
66.00
66.00
66.00
66.00
67.00
66.00
66.00
66.00
66.00
66.00
66.00
66.00
66.00
66.00
66.00
66.00
66.00
66.00
66.00
66.00
66.00
66.50
66.00
66.00
66.00
66.00
66.00
66.00
66.50
66.00
66.00
66.00
66.00
66.00
66.00
66.00
66.00
66.00
66.00
66.00
66.00
66.00
66.00
66.00
66.00
66.00
66.00
66.00
66.00
66.00
66.00
66.00
66.00
66.00
66.00
66.00
66.00
66.50
66.00
66.00
66.00
66.00
66.00
66.00
67.00
66.00
66.00
66.00
26.00
26.00
26.00
26.00
72.00
81.00
83.50
83.00
91.00
91.50
126.00
126.00
119.00
125.00
133.00
132.00
129.00
131.00
132.00
137.50
135.00
134.00
135.00
135.50
1236.00
1239.00
1236.50
1224.50
1225.00
1232.50
1231.00
1221.00
1220.00
1227.00
1225.00
1227.00
1226.00
1227.00
1227.00
1221.50
1226.00
135.00
135.00
129.50
132.00
134.00
1206.50
139.00
136.00
137.50
188.00
191.00
186.50
192.50
194.00
194.00
193.50
197.00
196.00
190.50
203.00
204.00
198.50
206.00
201.00
201.50
203.00
1004.00
1780.00
1763.00
1771.00
1768.00
1767.50
1767.00
1761.00
1762.50
204.00
202.00
204.50
1758.00
1767.00
1768.00
1767.50
199.00
203.00
195.00
199.00
202.00
203.00
199.00
203.00
198.00
199.50
203.00
202.00
201.00
202.00
199.50
194.00
201.00
193.00
191.00
193.00
192.50
195.00
196.50
199.00
197.00
195.50
196.00
195.00
199.00
200.50
199.50
201.00
194.00
202.00
200.50
197.00
201.00
202.00
198.50
199.00
199.50
202.00
202.00
198.00
197.00
199.50
198.00
197.00
195.50
195.00
197.00
201.50
201.00
199.00
199.00
198.50
200.00
201.00
198.00
192.50
192.00
193.00
198.00
193.00
194.50
193.00
196.00
195.00
190.00
185.00
192.50
197.50
199.00
199.00
200.00
196.00
199.00
195.50
195.50
196.00
195.00
197.50
194.50
198.00
193.50
194.50
199.00
190.50
191.00
193.00
190.00
186.00
200.00
192.50
195.00
196.00
191.00
194.50
193.50
199.00
196.00
196.00
193.00
194.00
195.50
194.00
192.00
189.00
186.00
186.00
186.00
188.00
186.00
192.00
191.50
192.00
197.00
202.00
191.00
199.00
198.00
199.00
193.00
193.00
195.50
193.00
188.00
188.50
191.50
192.00
191.00
198.00
188.00
186.00
191.50
190.00
190.00
191.00
190.00
187.00
197.00
194.50
194.00
199.00
198.00
182.00
182.00
193.00
192.00
192.00
192.00
200.00
198.50
198.00
187.00
184.00
191.50
194.00
192.00
195.00
197.00
193.50
197.00
198.50
198.50
200.00
197.00
192.00
200.00
197.00
193.50
195.00
200.00
192.00
191.00
184.00
185.00
190.00
193.00
192.00
190.00
191.00
190.00
194.00
188.50
188.50
191.00
188.00
191.50
192.00
192.50
189.50
199.00
193.50
194.00
192.00
194.00
186.50
192.50
193.00
198.00
189.00
189.00
195.50
198.00
192.00
197.00
194.00
195.00
186.00
189.00
191.00
191.00
198.00
197.00
147.00
145.50
145.50
145.00
146.00
145.00
145.00
146.00
145.00
146.00
145.00
145.50
146.00
146.00
145.00
146.00
146.00
146.00
145.50
146.00
146.00
145.00
146.50
146.00
145.50
146.50
145.50
146.00
147.00
146.00
145.00
146.00
146.00
145.50
146.00
145.00
146.00
145.50
146.00
146.00
146.00
145.50
146.00
145.00
146.00
145.00
145.00
145.50
146.00
146.00
146.00
146.00
145.50
145.00
146.00
146.00
145.00
146.00
145.50
145.00
146.00
145.00
146.00
145.00
145.50
146.00
146.00
146.00
146.00
146.00
145.00
144.50
144.50
144.00
145.50
146.00
145.00
145.00
145.00
146.00
145.00
144.50
145.00
145.00
230.50
229.50
229.00
228.00
228.00
229.00
228.00
228.00
228.00
227.50
227.00
227.00
227.00
227.00
226.00
226.00
226.00
226.00
226.00
226.50
226.00
226.00
435.50
436.50
436.50
436.00
436.00
435.00
435.00
435.00
434.00
434.00
434.00
434.00
434.00
433.00
433.50
433.00
433.00
432.50
433.00
433.00
431.00
431.00
432.00
430.50
430.00
3217.50
3168.75
3155.25
3151.75
3147.00
3149.50
3147.00
3150.50
3147.00
3144.50
3145.50
3145.25
3142.75
3144.00
3141.50
3137.25
3135.50
3135.50
3137.00
3144.50
3144.50
3147.25
3147.50
3145.50
3142.00
3142.50
3143.00
438.00
439.50
3200.00
3151.50
3124.00
3108.50
3102.50
3113.50
3108.00
3109.75
3108.50
3106.00
3105.50
3107.50
3107.50
3105.00
438.00
438.50
3273.50
3136.00
3131.00
3127.25
3123.50
3123.00
3122.25
3121.00
3110.50
3081.50
3081.50
3079.00
425.50
426.00
3154.50
3119.50
3117.50
3115.50
3113.00
3088.75
3085.25
3084.00
3086.25
3105.50
3102.00
379.50
377.00
3077.50
3057.50
3057.50
3052.50
3052.50
3052.50
3025.50
3028.50
3031.00
3027.25
354.00
354.00
354.00
354.00
354.00
3142.25
3053.50
3038.50
3035.00
3036.00
3033.50
3032.00
3028.50
3028.50
3026.00
3023.50
3021.00
354.00
98.50
98.00
98.00
98.50
98.00
2861.50
2799.00
2787.75
2784.00
2781.50
2781.50
98.00
98.00
98.00
98.00
98.00
98.00
98.00
98.00
98.00
98.00
98.00
98.00
98.00
98.00
98.00
98.00
98.00
98.00
1638.50
1618.50
1624.00
1622.00
1629.50
1658.00
1661.00
1663.00
139.50
143.00
143.00
143.50
145.00
146.00
146.00
147.00
146.00
147.00
147.00
147.00
147.00
146.50
147.00
147.00
147.00
147.00
147.00
147.00
147.50
147.00
147.50
147.00
147.00
147.00
147.00
147.00
147.00
147.00
148.00
148.00
147.50
147.00
147.00
147.00
147.00
147.00
147.00
147.50
147.00
147.00
147.00
147.00
147.00
147.00
147.00
147.00
147.00
147.00
147.00
146.00
146.50
147.00
146.00
146.00
146.50
146.00
147.00
146.00
146.00
146.00
146.00
146.00
146.00
146.50
146.00
146.00
146.00
146.00
146.00
146.50
148.00
148.00
148.50
148.00
148.00
150.00
148.50
149.00
149.00
149.00
148.00
148.00
148.50
148.50
149.00
149.00
149.00
147.00
147.00
146.50
146.50
147.00
146.00
146.00
145.50
146.00
146.00
146.00
146.00
146.00
145.50
146.00
146.00
146.00
146.00
146.00
146.00
147.00
146.00
145.50
146.00
146.00
146.00
145.50
145.00
146.00
147.00
145.00
146.00
146.00
146.00
145.00
146.00
146.00
145.00
145.00
144.00
144.00
145.00
145.50
146.00
146.00
144.50
145.00
144.00
144.00
145.50
145.00
146.00
145.50
145.50
144.00
145.00
145.00
145.00
146.00
146.00
146.00
146.00
145.50
144.50
145.00
145.00
145.00
145.00
144.00
145.00
145.00
145.00
145.00
145.00
146.00
146.00
145.00
146.00
145.00
145.00
146.50
147.00
147.00
145.00
147.00
146.00
145.50
145.00
145.00
145.00
145.00
145.00
145.00
145.00
146.00
146.00
145.50
145.00
146.00
146.00
146.00
146.00
145.50
146.00
146.00
145.50
144.50
145.00
145.00
145.00
144.00
145.00
144.50
145.00
145.00
146.00
144.00
145.00
145.00
144.50
145.00
145.00
145.00
144.00
145.00
147.00
145.50
146.00
144.50
145.50
145.00
146.00
145.00
145.00
146.00
145.50
146.00
145.00
145.00
145.00
145.00
144.00
144.50
144.50
144.00
144.00
143.00
144.00
144.00
144.00
144.00
144.00
144.00
144.00
143.00
144.00
144.00
144.00
144.00
144.00
144.00
144.00
144.00
144.00
144.00
145.00
144.50
143.50
144.00
143.50
143.00
144.00
144.50
143.00
144.00
143.50
144.00
143.50
144.00
144.00
144.00
144.00
144.50
144.50
148.00
146.50
147.00
147.00
147.00
146.50
146.00
147.00
147.00
148.00
146.50
146.50
147.00
147.00
146.50
147.00
144.00
143.50
143.50
144.00
145.00
144.00
144.00
144.00
144.50
144.50
145.00
145.00
144.00
146.00
145.00
144.50
145.00
145.00
145.00
145.00
145.00
145.00
144.50
145.00
146.00
146.00
146.00
146.00
145.00
146.00
145.00
146.00
143.50
144.50
145.00
144.50
146.00
145.00
146.00
145.00
145.00
145.00
145.00
143.50
144.00
145.00
144.50
145.00
145.00
145.00
145.00
145.00
145.00
145.00
145.00
145.00
145.00
146.00
145.50
146.00
145.00
144.00
144.50
145.00
144.50
144.00
144.50
145.00
145.00
144.00
145.00
144.00
146.00
145.00
145.00
144.50
145.00
145.00
144.00
145.00
145.00
143.50
144.00
145.00
144.50
145.00
145.00
145.00
144.00
144.00
144.00
145.00
145.00
143.00
143.50
143.50
143.00
144.00
143.00
144.00
144.00
144.00
144.00
143.00
144.00
143.00
143.00
143.50
143.00
144.50
143.00
144.00
143.00
144.00
144.00
143.00
143.00
143.00
143.50
144.00
143.00
144.00
143.00
143.00
144.00
143.00
144.00
143.00
144.00
144.00
143.00
144.00
144.00
144.50
144.50
143.00
144.00
143.50
144.00
144.00
143.50
144.00
144.00
144.00
144.50
144.00
143.50
144.50
145.50
144.00
144.00
144.00
144.00
144.00
144.50
144.00
144.00
144.00
144.50
144.00
144.00
144.00
144.00
145.00
145.00
145.00
145.00
145.00
145.00
145.00
145.00
145.00
145.00
145.00
145.00
145.00
145.00
145.00
145.00
144.00
145.00
145.00
145.00
145.00
148.00
148.00
148.00
148.00
148.00
148.00
147.00
148.00
147.00
147.00
147.50
147.00
147.00
147.00
147.00
147.00
145.00
145.00
145.00
145.00
144.50
145.00
145.00
145.00
145.00
145.00
145.00
145.00
144.50
145.00
145.00
145.00
145.00
145.00
145.00
145.00
145.00
145.00
144.50
144.50
145.00
144.00
145.00
145.00
145.00
145.00
145.00
145.00
145.00
145.00
144.50
145.00
145.00
145.00
145.00
145.00
145.00
145.00
145.00
145.00
145.00
145.00
145.00
145.00
145.00
145.00
144.00
144.50
144.50
145.00
145.00
145.00
145.00
144.00
144.00
144.50
145.00
145.00
145.00
145.00
145.00
145.00
145.00
145.50
145.00
145.00
144.50
145.00
145.00
144.00
145.00
145.00
145.00
145.00
144.50
144.00
143.50
143.00
143.00
143.00
143.00
144.00
144.00
144.00
143.00
144.00
144.00
143.00
144.00
144.00
144.00
144.00
143.00
143.00
194.00
187.00
204.00
204.50
204.00
205.00
205.00
204.00
204.00
204.00
204.00
204.50
204.00
204.00
204.00
205.00
204.00
204.50
204.50
204.00
204.00
205.00
204.00
205.00
204.00
205.00
204.00
205.00
206.00
205.00
205.00
205.00
205.00
205.00
1777.50
1745.00
1751.00
1750.50
1748.00
1746.00
1742.50
1743.50
206.00
205.00
205.00
204.00
205.00
204.50
205.00
206.00
205.00
205.00
205.00
206.00
206.00
206.00
206.00
206.50
206.50
206.00
207.50
207.00
205.00
205.50
206.50
206.00
203.00
203.00
202.00
203.50
202.50
200.00
200.00
200.50
200.50
201.00
199.00
198.50
199.00
197.00
198.00
194.00
196.00
195.00
197.00
196.00
194.00
195.00
196.00
196.00
194.00
193.00
193.00
193.50
193.00
192.50
190.00
190.00
190.00
188.50
146.00
144.00
144.00
144.00
144.00
144.00
144.50
144.50
145.00
144.50
144.50
145.00
145.00
144.50
143.00
144.50
144.00
144.00
145.00
144.00
144.50
145.00
144.00
144.00
144.50
145.00
144.50
145.00
144.50
145.00
144.50
145.00
143.00
144.50
145.00
144.00
144.50
145.00
145.00
145.00
144.50
143.50
144.00
144.00
145.00
145.00
145.00
144.00
145.00
144.00
144.50
145.00
145.00
143.50
144.00
144.00
144.50
145.00
145.00
145.00
144.00
143.50
144.00
144.00
145.00
144.00
144.50
143.00
144.00
145.00
145.00
145.00
144.00
144.50
145.00
144.50
145.00
144.00
146.00
145.00
145.00
144.50
144.00
144.00
144.00
144.00
144.50
144.00
145.00
143.50
145.00
145.00
144.50
143.50
145.00
145.00
145.00
144.00
144.00
143.50
143.00
143.00
143.00
143.50
143.00
143.00
143.00
145.00
143.00
144.00
143.00
145.00
143.00
143.00
143.00
143.00
143.00
143.00
143.00
143.00
143.00
143.00
143.00
143.00
143.00
143.50
143.00
143.00
143.00
143.00
143.00
143.00
143.00
143.00
143.00
143.50
143.00
144.00
144.50
144.00
144.00
144.00
143.00
143.00
143.50
144.50
143.00
146.00
145.00
144.00
143.00
143.00
143.00
154.00
169.50
192.50
204.00
204.00
204.50
204.00
204.00
204.00
204.00
204.00
205.00
205.00
205.00
205.00
205.00
205.00
205.00
205.00
205.00
207.00
205.00
205.50
205.00
205.00
205.50
205.00
205.00
205.00
205.00
205.50
208.00
208.50
208.00
208.00
208.00
208.00
208.00
205.50
205.00
205.00
205.00
205.00
202.50
202.00
203.00
203.00
200.00
197.00
197.00
197.00
197.50
196.50
197.00
195.00
194.00
195.00
195.00
183.00
181.00
181.00
181.00
181.00
137.00
135.00
134.50
135.00
135.00
134.50
133.00
132.00
133.50
133.50
132.50
134.00
130.00
130.00
130.00
130.50
127.00
127.00
127.50
127.00
128.00
127.00
125.00
124.50
125.00
125.00
125.00
125.00
125.50
125.00
125.00
125.00
125.00
125.00
126.00
126.00
126.00
125.00
125.50
126.50
127.00
127.00
125.00
126.00
126.00
126.00
126.00
125.00
125.50
125.00
125.00
125.50
127.00
125.00
125.00
127.00
125.00
125.50
126.00
125.00
126.50
125.00
126.00
126.00
126.50
126.00
127.00
126.00
126.00
125.00
125.00
125.50
125.00
126.00
125.00
125.00
127.00
126.00
126.00
126.00
127.00
126.50
126.00
125.00
126.50
125.00
125.00
126.50
126.00
126.00
125.50
127.00
126.00
127.00
126.50
127.00
127.00
127.00
125.00
126.00
126.50
125.00
126.00
125.50
126.00
126.00
126.00
126.50
126.00
127.00
126.50
127.00
127.00
127.00
128.00
125.00
127.00
126.00
127.00
127.00
125.00
124.00
125.00
123.50
125.00
124.50
123.50
124.00
121.00
122.00
123.50
121.00
121.00
121.50
120.00
119.00
120.00
119.00
119.00
119.00
119.00
117.50
116.00
116.00
116.00
116.00
116.00
117.00
116.00
116.50
114.50
115.00
114.00
114.00
114.00
114.00
114.50
114.50
115.00
114.00
114.00
114.00
114.00
114.00
115.00
115.00
116.00
118.00
118.00
117.00
117.00
118.00
117.00
117.00
117.00
117.00
117.00
117.00
117.00
117.00
117.00
117.00
117.00
115.50
114.00
114.50
115.00
114.00
114.50
114.00
114.00
114.00
115.00
115.00
114.00
114.00
115.00
115.50
115.00
115.00
115.00
115.50
114.50
124.00
125.00
124.00
116.00
115.00
115.00
115.00
114.50
115.00
116.00
114.00
114.00
114.50
115.00
114.00
114.50
115.00
114.00
115.00
114.50
114.00
116.50
115.00
115.50
115.00
114.50
115.00
114.00
114.00
114.50
114.00
114.00
114.50
114.00
115.00
115.50
114.50
114.00
114.00
114.50
114.00
115.50
114.00
115.00
114.50
113.00
113.50
113.00
113.00
113.00
112.00
112.00
113.00
111.00
112.00
112.00
112.00
112.00
111.50
111.00
110.50
110.00
109.00
109.00
110.00
109.00
109.00
109.00
110.50
108.00
108.00
108.50
108.00
107.00
109.00
107.00
107.00
107.50
107.00
107.00
107.00
107.50
107.00
106.00
106.00
106.00
106.00
105.00
105.50
105.00
105.00
105.00
105.00
105.50
104.00
105.00
104.00
105.00
104.50
104.00
104.50
103.00
104.00
104.00
104.00
103.50
103.00
104.00
103.50
103.00
102.00
103.00
103.00
103.00
102.00
103.00
103.00
102.50
102.00
102.00
102.00
102.00
102.00
102.00
102.00
101.50
101.50
101.00
100.00
100.50
101.00
101.00
100.00
100.00
100.00
99.00
99.50
99.00
99.00
99.50
99.00
99.00
99.00
109.50
148.00
146.00
141.00
141.00
148.50
147.50
145.00
148.00
146.50
145.00
142.00
149.00
146.50
144.00
139.00
140.00
151.00
136.00
139.50
139.00
140.00
172.00
176.00
179.00
181.00
184.50
188.00
192.00
191.50
193.00
195.00
191.50
194.00
192.00
186.00
183.00
178.00
178.00
179.50
181.00
181.00
182.50
182.50
181.00
89.00
89.00
89.00
89.00
89.00
89.00
89.00
89.00
89.00
89.00
89.00
89.00
89.00
89.00
89.00
89.00
89.00
90.00
90.00
90.00
90.00
90.50
90.00
90.00
90.00
90.00
90.00
90.00
89.50
90.00
90.00
90.00
90.00
90.00
90.00
90.00
90.00
90.00
90.00
90.00
90.00
89.50
90.00
90.00
89.50
90.00
90.00
90.00
90.00
90.00
90.00
90.00
90.00
90.00
90.00
90.00
90.00
90.00
90.00
90.00
90.00
89.50
90.00
90.00
89.50
90.00
90.00
90.00
90.00
90.00
90.00
90.50
90.00
90.00
91.00
90.00
90.00
90.00
90.00
90.00
90.00
90.00
90.00
90.00
90.50
90.00
90.00
90.00
89.00
90.00
90.00
90.00
89.00
90.00
89.50
89.00
90.50
90.00
89.00
90.00
90.00
90.00
90.00
90.00
89.50
90.00
90.00
90.00
90.00
90.00
89.50
90.00
90.00
90.00
90.50
90.00
90.00
90.00
90.00
90.00
90.00
90.00
90.00
90.00
90.00
90.00
90.00
90.00
90.00
90.00
89.50
90.00
90.00
89.50
90.00
90.00
90.00
90.00
90.00
90.00
90.00
90.00
90.00
90.00
90.00
90.00
90.00
90.00
90.00
90.00
90.00
90.00
90.00
90.00
90.00
90.00
89.50
90.00
90.00
89.50
90.00
90.00
90.00
90.00
90.00
90.00
90.00
90.00
90.00
90.00
90.50
89.00
92.00
92.00
92.00
92.00
92.00
92.00
92.00
92.00
91.00
90.00
91.50
92.00
92.00
92.00
92.00
92.00
91.00
89.50
90.00
90.00
90.00
90.00
90.00
90.00
90.00
90.00
90.00
90.00
90.00
90.00
89.50
90.00
90.00
89.50
90.00
90.00
90.00
90.00
90.00
90.00
89.50
90.00
90.00
90.00
89.50
90.00
90.00
90.00
90.00
90.00
90.00
90.00
90.00
90.00
90.00
90.00
90.00
90.00
90.00
90.00
90.00
90.00
90.00
90.00
89.00
90.00
89.00
90.00
89.50
90.00
90.00
90.00
90.00
90.00
90.00
90.00
90.00
90.00
90.00
90.00
90.00
90.00
90.00
90.00
90.00
90.00
90.00
90.00
90.00
90.00
90.00
90.00
90.00
90.00
90.00
89.50
90.00
90.00
90.00
89.50
90.00
90.00
90.00
89.50
89.00
90.00
90.00
90.00
90.00
90.00
90.00
90.00
89.50
90.00
90.00
90.00
90.00
90.00
90.00
90.00
90.00
90.00
90.00
90.00
90.00
90.00
89.50
90.00
90.00
89.50
89.00
90.00
89.50
90.00
90.00
88.00
89.50
89.00
90.00
89.50
90.00
90.00
89.50
90.00
90.00
90.00
90.00
89.00
89.00
89.00
90.00
90.00
90.00
89.00
90.00
90.00
90.00
90.00
90.00
90.00
90.00
90.00
90.00
90.00
90.00
89.00
89.00
89.00
89.00
89.00
89.00
89.00
89.00
90.00
89.00
89.00
89.00
89.00
89.00
89.00
89.00
89.00
89.00
89.00
89.50
89.00
89.00
89.00
89.00
89.00
89.00
89.00
89.00
89.00
89.00
89.00
89.00
89.00
89.00
92.00
92.00
91.00
92.00
91.00
92.00
91.00
91.50
91.00
92.00
91.00
92.00
91.00
91.50
92.00
92.50
91.00
89.00
89.00
93.50
98.00
98.00
93.50
89.00
89.00
89.00
89.00
88.00
89.00
89.00
89.00
89.00
89.00
89.00
89.00
89.50
89.00
89.00
89.00
89.00
89.00
89.00
89.00
89.00
89.00
89.00
89.00
89.00
89.50
89.00
90.00
90.00
90.00
90.00
90.00
90.00
89.50
90.00
90.00
90.00
90.00
90.00
90.00
90.00
102.50
115.50
117.00
118.00
118.50
119.00
90.00
90.00
90.00
89.00
90.00
90.00
90.00
90.00
90.00
90.00
90.00
90.00
90.00
90.00
90.00
90.00
90.00
90.00
90.00
89.00
90.00
90.00
90.00
90.00
90.00
90.00
90.00
89.50
90.00
99.00
99.00
99.50
101.00
90.00
90.00
89.50
90.00
89.00
90.00
121.00
125.50
126.50
128.00
138.50
140.50
143.00
144.00
146.50
148.00
148.00
148.00
149.00
148.00
147.50
147.00
146.00
144.50
145.50
145.00
145.00
145.50
145.00
146.00
145.50
146.00
146.00
146.00
146.00
147.00
147.00
147.00
147.00
147.00
147.50
147.00
147.00
147.00
147.50
147.00
148.50
147.00
148.00
148.00
148.00
148.00
148.00
147.50
149.00
148.00
148.00
148.00
148.00
147.00
147.50
148.00
148.00
148.00
148.00
5936.50
5861.00
5859.00
5864.00
5846.50
5848.75
5854.00
5850.50
5848.00
5838.00
5838.00
5868.00
5862.50
5852.00
147.00
147.00
146.00
146.00
147.00
147.00
146.00
147.00
145.00
147.00
146.50
148.00
146.00
5876.00
5869.50
5892.00
5886.50
148.50
149.00
148.00
149.00
149.00
148.00
148.00
148.00
148.00
148.00
148.00
148.00
148.00
148.00
148.00
148.00
145.00
145.00
146.00
145.00
146.50
146.00
146.00
145.50
5898.75
5835.00
5841.00
5879.50
5856.00
146.00
146.00
146.00
172.00
172.00
144.50
145.00
146.00
158.00
173.00
173.00
178.50
183.00
145.00
145.00
145.00
183.00
187.50
185.50
186.00
185.00
184.00
185.50
5869.50
5799.50
5811.50
5813.00
196.00
223.00
217.00
219.00
221.00
229.00
237.00
239.00
233.50
225.00
246.50
240.50
223.00
226.00
226.50
226.00
217.50
211.50
233.00
222.00
224.50
222.00
220.00
219.50
214.00
5945.50
5885.50
5937.75
5946.50
218.00
223.50
220.50
223.00
231.00
229.00
231.00
229.50
221.00
220.00
265.00
5954.00
283.00
277.00
231.50
233.00
232.00
224.00
220.00
216.50
220.00
210.00
209.00
205.00
204.00
204.00
205.00
209.50
208.00
211.00
216.00
209.50
213.00
216.00
206.50
225.50
230.00
197.50
181.50
182.50
184.00
192.00
194.50
187.00
193.00
192.00
195.00
190.50
184.00
195.00
191.50
187.50
194.00
186.50
186.50
187.00
191.00
191.50
192.00
191.00
194.00
192.00
198.00
196.00
186.00
183.00
185.00
184.00
189.00
189.00
194.50
195.00
193.00
182.00
178.00
176.00
182.00
178.50
183.00
181.50
181.00
181.00
182.00
182.00
182.00
181.00
180.00
180.00
182.00
181.00
182.50
181.00
181.00
182.00
180.00
184.00
181.00
183.50
185.00
182.00
184.50
185.00
184.50
182.00
186.00
176.00
144.50
144.00
144.00
144.50
144.00
144.00
144.00
147.00
147.00
147.00
145.50
147.00
147.00
147.00
147.00
147.00
147.00
146.00
147.00
147.00
147.00
351.00
352.00
352.50
350.00
349.00
350.00
879.50
1400.00
350.00
350.00
350.00
349.50
349.00
349.00
349.00
350.00
351.00
349.00
349.00
350.50
350.00
349.00
348.00
366.50
366.00
367.00
366.00
364.00
323.50
327.50
322.00
318.00
318.00
319.00
326.00
320.50
320.50
319.00
318.00
319.50
320.50
321.00
321.00
327.00
323.00
322.00
323.00
323.00
323.00
325.50
324.00
323.50
323.50
320.50
322.00
327.00
324.00
324.00
324.50
325.00
325.50
353.50
383.50
385.00
381.50
380.00
382.00
378.00
375.00
376.00
378.00
376.50
375.00
377.00
377.00
375.50
378.00
376.00
378.50
377.00
378.00
376.50
374.50
384.00
377.00
377.00
375.00
377.00
376.00
374.00
374.00
377.50
374.00
375.00
375.50
378.00
378.50
375.00
375.00
376.00
375.50
384.00
375.50
376.00
376.50
376.00
376.00
375.50
374.00
376.00
375.00
377.50
375.00
114.00
120.00
117.00
116.50
117.00
117.00
118.00
117.00
115.50
116.00
117.00
115.00
114.00
115.00
116.00
119.00
115.00
115.00
117.00
114.50
116.00
116.00
118.00
116.00
114.50
121.00
117.00
115.00
115.50
130.00
114.00
121.50
115.00
118.00
113.00
115.00
127.00
115.00
111.00
113.00
113.50
115.50
118.00
115.50
119.50
113.00
115.00
122.50
116.00
115.50
120.50
116.00
115.00
115.00
119.50
114.50
114.00
116.00
116.00
116.00
118.50
116.00
115.00
120.00
119.00
115.00
116.00
119.50
120.00
115.00
112.00
114.00
119.00
121.00
117.50
124.00
116.00
115.50
114.00
119.00
118.50
119.00
118.00
116.00
119.00
117.50
115.00
113.50
116.50
113.00
113.00
112.50
113.00
114.50
116.50
111.00
113.50
114.00
120.50
113.00
115.50
118.00
116.00
119.00
113.00
114.00
116.00
123.00
113.50
117.00
114.00
115.00
118.00
109.00
117.00
109.00
111.50
109.00
110.00
108.00
110.00
109.00
111.00
109.50
111.00
111.00
110.00
109.00
109.00
111.00
106.50
109.00
111.00
109.50
106.00
108.50
109.00
110.00
112.00
110.00
108.00
108.50
109.00
112.50
118.00
117.00
108.50
108.00
109.00
112.50
108.00
108.50
119.50
132.00
124.00
128.00
111.50
114.50
120.00
120.00
121.50
111.00
128.00
118.00
135.00
134.50
138.00
131.00
110.50
118.50
117.00
111.00
119.50
110.50
110.00
120.00
110.00
111.00
110.00
112.00
108.00
109.00
107.00
117.00
117.00
114.50
116.00
108.00
110.00
108.00
112.00
120.00
109.50
116.50
112.00
109.00
110.00
111.00
111.00
110.00
109.00
111.00
110.00
114.00
109.00
109.50
110.00
109.50
110.00
110.00
109.00
108.50
112.00
111.00
113.00
109.50
110.50
109.00
110.00
108.00
108.00
113.50
109.50
109.00
109.00
110.00
113.50
109.00
107.50
109.50
109.00
108.50
109.00
112.00
108.50
108.50
110.00
109.00
108.00
110.00
113.00
109.50
110.00
110.00
111.50
114.00
113.00
113.00
112.50
113.00
113.00
139.50
141.00
142.00
113.50
112.50
113.00
113.00
113.00
114.00
113.00
114.00
114.00
114.00
115.50
116.00
116.00
113.50
131.50
132.00
130.50
142.50
140.00
118.50
113.50
112.00
113.50
115.50
113.00
122.00
116.00
121.00
112.00
117.00
115.50
115.00
120.00
111.00
109.00
110.00
110.00
110.00
109.00
111.00
115.00
109.50
110.00
108.50
107.50
115.00
112.50
108.50
106.00
106.00
106.00
106.50
107.00
106.00
107.00
106.50
105.50
106.00
106.00
106.50
107.00
106.00
106.00
105.50
106.00
103.00
102.00
102.00
102.00
103.00
102.00
102.00
102.00
102.00
102.00
101.00
102.00
102.00
102.00
102.00
103.00
102.00
102.00
102.00
102.00
102.00
102.00
103.00
102.00
102.00
102.50
102.00
104.50
105.50
105.00
107.00
107.00
107.00
107.00
106.00
107.00
107.00
122.00
121.00
121.50
122.00
121.00
119.00
107.00
115.25
122.50
123.50
123.00
122.50
121.50
121.50
121.50
122.50
121.50
107.00
123.50
121.50
120.25
123.50
122.50
123.00
120.00
121.50
122.50
107.00
121.50
122.50
121.00
121.50
121.50
122.25
122.50
121.50
123.50
123.50
123.50
122.50
121.50
121.50
122.50
123.50
121.50
122.50
123.50
122.50
119.00
121.00
121.50
121.50
121.25
122.50
121.50
120.75
123.00
123.50
121.50
122.50
121.50
123.50
122.50
123.50
121.50
121.50
123.50
119.50
121.75
122.50
122.50
121.00
121.50
120.50
122.50
122.50
121.50
121.50
122.50
123.50
122.50
121.50
122.50
122.50
124.50
122.50
121.50
122.50
121.50
122.50
121.50
121.50
121.50
122.50
122.75
121.50
120.50
122.00
121.50
121.50
106.00
107.50
107.00
108.00
108.50
107.00
107.00
106.50
107.00
107.00
106.00
112.50
115.00
112.50
114.00
115.00
113.50
113.00
113.00
112.00
112.00
109.00
109.00
109.00
108.50
108.00
108.00
107.50
106.50
105.00
106.00
105.00
105.00
105.00
105.00
104.00
107.00
107.00
105.00
106.00
105.00
105.50
106.00
107.00
105.50
105.00
104.50
110.50
146.00
147.00
146.00
147.00
146.00
147.00
146.00
147.50
146.00
147.00
148.00
146.50
149.50
148.00
147.00
147.50
146.00
147.00
148.50
148.00
147.00
146.00
148.00
147.00
147.00
147.00
149.00
146.00
146.00
146.00
146.50
146.50
148.00
147.00
148.50
147.00
146.00
146.00
147.00
148.00
149.00
149.50
148.00
149.00
148.00
150.50
149.00
148.00
158.50
156.50
159.50
156.50
158.50
157.50
158.50
156.00
157.50
157.50
157.00
157.50
154.50
158.00
158.50
158.50
156.50
149.00
156.50
159.50
157.00
156.50
158.50
157.50
156.50
156.50
158.00
158.00
147.50
156.50
157.50
157.50
157.50
159.00
157.50
157.50
157.00
157.50
156.50
146.50
146.50
147.00
147.50
148.00
148.00
147.00
148.50
149.00
147.00
147.50
147.50
148.00
148.00
146.50
146.00
149.00
148.50
148.00
147.00
147.50
147.00
147.00
149.00
147.50
147.00
147.50
147.00
145.00
145.00
149.00
146.50
148.00
146.50
145.50
146.00
146.50
148.00
146.00
147.00
148.00
149.00
148.00
148.00
146.50
149.00
149.50
148.00
148.50
147.50
150.00
149.00
148.00
147.50
149.00
148.00
147.00
147.00
146.00
147.00
145.50
146.00
148.00
147.50
148.00
148.00
82.00
82.00
107.00
109.50
111.00
122.50
123.50
123.50
122.50
129.50
124.50
126.00
125.50
125.50
127.00
122.00
123.50
128.00
124.50
95.50
97.00
97.50
95.50
95.50
96.50
94.50
92.00
92.50
92.50
92.50
94.00
93.50
92.50
94.50
93.50
93.50
96.00
92.50
96.50
92.00
93.50
94.50
93.00
93.50
93.50
93.50
96.00
91.50
93.50
93.50
93.50
95.50
94.50
93.50
94.50
93.50
96.00
94.50
94.50
84.00
83.50
84.00
83.50
84.00
84.00
84.50
85.00
84.00
85.00
85.00
83.50
85.00
84.50
84.50
84.00
83.50
83.00
83.00
84.00
84.00
84.50
84.00
83.00
83.00
84.00
84.50
83.50
84.00
84.00
82.00
83.00
84.00
84.00
84.00
86.00
84.00
83.00
83.00
83.00
84.00
84.00
82.50
83.00
83.00
82.50
82.00
83.50
83.00
83.50
84.50
82.00
82.00
82.00
81.00
80.50
81.50
84.00
84.00
85.00
83.00
82.00
83.50
82.00
83.00
84.00
83.00
84.50
84.00
85.50
83.50
84.00
83.50
85.00
84.00
84.00
85.00
83.00
83.00
83.50
82.00
82.00
84.50
84.00
83.00
82.00
83.00
84.00
84.00
83.50
83.00
83.00
83.50
84.50
84.00
83.50
84.00
83.00
83.00
84.00
81.00
83.00
83.50
82.50
82.00
83.00
82.00
81.00
83.00
83.50
83.00
84.00
84.50
82.00
83.00
83.00
83.00
83.00
84.00
83.00
84.00
82.50
84.00
82.50
84.00
82.50
83.00
84.00
84.50
83.00
82.50
80.00
82.00
85.00
82.50
82.50
83.00
83.00
83.00
84.00
82.00
80.00
83.00
83.00
84.50
84.00
82.00
82.00
86.00
85.00
84.00
84.50
85.00
83.00
83.50
84.00
83.00
86.00
85.50
85.00
84.00
85.00
85.00
84.50
82.50
82.00
82.00
81.50
82.50
81.00
83.00
83.50
82.00
82.00
83.50
83.00
82.00
81.50
83.00
82.00
81.50
82.00
81.00
83.00
81.50
83.00
82.00
82.00
82.00
83.00
83.50
83.50
82.00
85.00
83.00
82.00
81.50
83.00
82.50
82.00
81.50
82.00
82.00
82.00
82.50
83.00
82.00
83.00
83.00
83.00
82.00
82.00
82.00
82.50
82.00
81.00
82.50
83.50
81.50
82.00
82.50
82.00
83.00
83.00
83.00
82.00
83.00
82.50
83.00
82.00
82.50
82.00
81.00
83.50
82.00
82.00
83.00
82.00
82.00
83.00
82.50
81.00
82.00
83.00
82.00
82.00
82.00
83.50
83.00
83.00
82.50
84.00
82.50
85.00
82.00
82.00
82.50
83.50
82.00
81.00
83.00
85.00
82.50
85.00
84.00
82.00
84.00
83.00
83.00
82.00
82.50
82.00
81.00
83.00
83.00
104.00
83.50
84.00
92.00
84.00
82.00
82.00
83.00
84.00
104.50
83.00
105.00
83.00
83.00
104.50
82.00
84.00
82.50
81.50
81.50
81.00
84.50
82.00
86.00
84.00
83.00
83.00
83.00
83.00
82.00
83.00
98.00
82.00
81.50
84.00
83.00
84.00
88.50
83.50
83.00
83.00
96.00
83.00
84.00
82.50
83.00
82.00
82.50
83.00
84.00
83.00
86.50
83.00
82.00
101.50
100.00
84.00
84.00
82.00
83.00
88.00
79.50
82.00
94.00
81.50
83.50
84.00
83.00
82.00
83.00
82.50
84.00
85.00
87.00
86.00
84.50
85.50
84.50
85.00
87.00
83.50
83.00
85.00
85.00
85.00
86.00
82.00
84.00
84.00
84.00
81.50
83.00
82.00
81.00
82.00
81.00
81.50
82.00
82.50
82.00
80.00
77.00
77.00
78.00
77.00
77.00
76.00
76.00
77.00
77.00
77.00
76.00
76.00
76.50
76.00
77.00
76.00
77.00
77.00
77.00
77.00
77.00
77.00
77.00
77.00
77.00
76.00
76.50
76.50
76.00
77.00
76.00
77.00
77.50
77.00
77.00
76.00
77.00
77.00
76.00
77.00
77.00
76.00
76.50
76.00
76.00
76.00
76.50
76.00
77.00
77.00
77.00
76.00
76.00
77.00
77.00
77.00
76.00
76.00
76.00
76.00
76.00
76.00
76.50
76.00
76.00
78.00
77.00
76.00
76.00
76.50
76.00
76.00
76.00
76.00
76.00
76.50
76.00
78.00
76.00
77.00
76.00
76.00
79.50
76.00
76.00
76.50
76.00
76.00
76.50
76.00
76.00
76.00
77.50
76.00
76.00
77.00
76.00
76.00
77.00
76.00
76.00
77.00
76.00
76.00
77.50
76.00
76.00
76.00
76.50
76.00
76.00
76.00
76.00
76.00
77.00
77.00
76.00
76.00
77.00
77.00
76.00
76.00
76.50
76.00
76.00
76.00
76.00
77.50
76.00
76.00
76.00
79.50
76.00
