233.00
233.00
233.00
231.50
230.00
230.00
231.00
230.00
233.00
231.00
231.00
234.00
234.50
234.00
234.00
234.50
235.00
234.00
234.00
235.00
233.00
234.00
235.00
234.00
234.00
234.00
233.00
233.00
232.50
234.00
235.00
234.50
233.50
233.00
233.00
233.50
233.00
234.00
234.00
235.00
235.00
234.00
235.00
235.00
234.00
234.00
234.00
234.50
234.00
234.00
234.00
233.00
234.00
233.00
232.50
231.00
233.00
233.00
233.00
233.00
233.00
233.00
233.00
234.00
233.00
233.00
233.00
233.00
232.00
233.50
232.00
231.50
233.00
233.00
233.00
233.00
233.00
233.50
233.00
232.00
232.00
233.00
233.00
232.00
232.50
233.00
232.00
233.00
233.00
232.00
232.00
233.00
233.00
233.00
233.00
232.00
232.00
233.50
233.00
233.00
232.50
232.00
232.50
232.00
233.00
232.00
233.00
233.00
233.00
232.00
233.00
232.00
232.00
232.00
232.50
232.00
232.00
232.50
232.00
232.00
232.50
232.00
232.00
232.00
232.50
232.00
232.00
232.00
232.00
232.00
232.50
232.00
232.00
232.50
230.50
232.00
232.00
231.50
232.00
232.00
232.50
232.00
232.00
232.00
232.00
232.00
233.00
232.50
235.00
233.00
233.00
233.00
233.00
234.00
233.50
233.00
233.00
233.50
233.00
233.00
232.50
233.00
232.00
232.50
234.00
233.00
233.00
233.00
233.50
233.00
232.50
233.00
231.00
232.00
233.00
233.00
233.00
232.50
232.00
233.00
231.00
232.50
231.00
232.00
232.00
232.00
232.00
232.00
232.00
232.00
232.00
232.50
231.00
232.00
232.50
232.00
232.00
231.00
233.00
232.00
232.00
233.50
233.00
231.50
233.50
232.00
233.00
232.50
233.00
232.00
231.50
233.00
232.00
233.00
232.50
232.00
232.00
232.50
233.50
233.00
233.00
233.00
233.00
232.50
233.00
233.00
234.00
232.00
231.00
232.00
231.00
231.00
232.00
231.00
233.00
231.00
232.00
233.00
233.00
232.00
232.50
232.00
232.00
233.00
233.00
233.00
234.00
234.00
232.00
232.00
230.50
230.00
232.00
232.50
230.00
230.00
228.50
229.00
230.00
230.00
230.50
229.00
228.00
228.50
229.00
229.00
231.00
230.50
231.00
232.00
232.00
230.00
230.00
227.00
227.00
228.00
224.50
226.00
226.00
226.00
225.00
226.00
224.00
228.00
228.00
228.00
228.00
227.50
228.00
228.00
228.00
228.00
228.00
228.00
228.00
229.00
228.00
228.00
229.50
228.00
228.00
229.00
228.00
227.50
229.00
229.00
229.50
231.00
231.00
230.00
229.00
231.00
229.00
229.00
229.00
229.00
230.00
228.50
230.00
229.00
229.50
231.00
232.00
231.00
231.00
232.00
232.00
230.00
229.50
230.50
230.00
232.00
230.50
231.50
232.00
232.00
231.00
231.00
231.00
253.00
251.50
2105.00
2128.00
2116.00
2107.00
2097.00
1186.00
288.00
255.00
235.50
235.50
235.00
222.00
43.50
44.00
44.00
44.00
44.00
44.00
44.00
44.00
44.00
44.00
44.00
44.00
44.00
44.00
44.00
44.00
42.00
42.00
42.00
42.00
42.00
42.00
42.00
42.00
42.00
42.00
42.00
42.00
42.00
42.00
42.00
42.00
42.00
42.00
42.00
42.00
42.00
42.00
42.00
42.00
42.00
42.00
42.00
42.00
42.00
42.00
39.50
40.00
41.00
39.50
40.50
40.00
40.00
40.00
40.00
41.00
40.00
39.00
41.00
39.00
40.50
41.00
39.00
40.00
39.50
40.00
39.50
40.00
40.00
39.00
39.50
39.00
40.00
40.00
40.00
40.00
40.00
40.00
40.00
40.00
40.00
40.00
39.00
40.50
41.00
40.00
40.00
40.50
39.00
40.00
40.50
41.00
40.00
40.50
39.00
40.00
40.00
40.00
40.00
40.00
40.00
39.00
40.00
39.50
39.00
39.50
40.00
39.00
40.00
40.00
39.50
40.00
41.00
41.00
41.50
39.50
40.50
40.00
41.00
40.50
40.00
40.00
39.50
42.00
40.00
41.00
40.00
40.00
40.00
41.00
41.00
40.00
40.00
40.00
41.00
41.00
40.00
40.00
41.00
40.00
40.00
39.00
40.50
40.50
41.00
39.50
41.00
40.50
40.00
42.50
40.00
40.00
41.00
39.00
40.00
42.00
42.00
42.00
44.00
42.00
42.00
42.00
42.00
43.00
42.00
42.00
42.00
42.00
44.00
42.00
42.00
42.00
42.00
42.00
42.00
42.00
42.00
42.00
42.00
42.00
42.00
42.00
42.00
42.00
42.00
42.00
42.00
42.00
42.00
42.00
42.00
42.00
42.00
42.00
42.00
42.00
42.00
42.00
41.00
42.00
42.00
42.00
41.50
42.00
42.00
42.00
42.00
42.00
42.00
42.00
42.00
42.00
42.00
42.00
42.00
43.00
42.50
42.00
42.00
42.00
42.00
42.00
42.00
44.00
43.00
42.00
42.00
42.00
42.00
42.00
42.00
42.00
42.00
42.00
41.00
42.00
42.00
42.00
42.00
42.00
42.00
41.00
43.00
42.00
42.00
42.00
42.00
42.00
154.00
160.50
168.00
170.00
172.50
175.00
203.00
2076.00
2039.00
210.00
211.00
52.00
42.00
42.00
42.00
42.00
42.00
41.50
42.00
42.00
41.50
42.00
42.00
42.00
42.50
41.00
40.00
42.50
43.00
43.00
42.50
39.00
42.00
41.50
40.00
42.00
42.00
41.00
39.00
41.00
40.00
39.00
39.00
39.00
39.50
42.00
43.00
43.00
42.00
43.00
43.00
43.00
43.00
43.00
42.50
42.00
43.00
43.00
43.00
43.00
43.00
41.00
15.00
15.00
14.50
15.00
15.00
15.00
15.00
15.00
15.00
15.00
14.00
14.50
14.50
15.00
15.00
14.50
14.00
15.00
15.00
15.00
15.00
14.00
15.00
15.00
15.00
14.00
15.00
15.00
15.00
15.00
15.00
15.00
14.50
15.00
15.00
14.50
15.00
15.00
16.00
14.50
15.00
15.00
15.00
15.00
14.00
15.00
15.00
14.00
15.00
15.00
15.00
15.00
16.50
15.00
15.00
15.50
16.00
14.00
16.50
15.00
14.00
16.00
14.50
16.00
14.00
16.00
15.00
14.00
14.00
16.00
16.00
14.00
14.00
14.00
14.00
14.50
14.00
16.00
16.50
14.00
15.50
16.00
14.00
16.00
16.00
14.50
15.00
14.00
14.00
14.00
16.00
16.50
14.00
14.00
16.00
17.00
14.00
14.00
13.50
16.00
16.00
14.50
17.00
16.00
15.00
14.50
14.00
17.00
16.00
14.00
14.00
15.50
16.00
16.00
14.00
14.00
16.00
15.00
14.00
14.00
16.00
14.00
14.00
16.00
13.50
16.00
16.00
15.00
15.50
16.00
16.00
14.00
14.00
14.00
14.00
16.00
16.00
15.00
15.00
14.00
14.00
15.50
16.00
14.00
15.00
15.00
16.00
16.00
16.00
16.00
15.00
16.00
16.00
14.00
16.00
14.00
15.00
16.00
15.00
15.00
15.50
15.50
15.00
15.00
15.00
15.00
15.00
15.00
14.00
15.00
15.00
15.50
15.00
16.00
15.00
15.00
15.00
15.00
15.00
15.00
14.50
15.00
14.00
15.00
15.00
15.00
15.00
15.00
14.50
14.00
15.00
15.00
15.00
15.00
16.00
15.00
15.00
15.00
15.00
15.00
15.00
15.00
15.00
16.00
15.00
15.00
15.00
15.00
15.00
15.00
16.00
15.00
15.00
15.00
15.00
15.00
15.00
15.00
16.00
15.00
15.00
15.00
15.00
14.50
15.50
15.00
15.00
15.00
15.50
15.00
15.00
15.50
15.00
16.00
16.00
15.00
15.00
15.50
15.00
15.00
15.00
15.00
15.00
17.00
16.00
14.00
16.00
14.00
14.00
16.00
14.50
16.00
15.00
16.00
16.00
15.00
14.00
14.00
16.00
14.00
15.00
14.00
14.00
16.00
16.00
16.00
16.00
16.00
16.00
16.00
16.00
14.00
16.00
16.00
14.50
16.00
17.00
15.00
14.00
14.00
16.00
16.00
16.00
14.00
16.00
14.00
16.00
15.50
14.00
16.00
14.00
15.00
16.00
16.00
14.00
13.50
14.00
13.50
14.00
15.00
14.50
15.00
15.00
15.00
15.00
14.00
15.00
15.00
14.50
15.00
15.00
14.00
14.00
14.00
14.00
14.00
14.00
14.00
16.00
16.00
15.00
14.50
14.50
14.00
16.00
14.00
14.00
15.00
16.00
16.00
14.00
14.00
14.00
14.00
15.50
16.00
14.00
16.00
16.00
16.00
14.00
15.00
16.00
15.00
14.00
16.00
15.50
14.00
14.00
16.00
15.00
15.00
15.00
15.00
15.50
15.00
15.00
15.00
14.00
15.00
14.00
15.00
14.00
15.00
15.00
15.00
15.00
15.00
15.00
15.00
15.00
15.00
15.00
15.00
15.00
14.50
15.00
15.00
15.00
15.00
15.50
15.00
15.00
15.00
14.00
15.00
15.00
15.00
15.00
15.00
15.00
14.00
15.00
14.50
15.00
15.00
15.00
15.00
15.00
15.00
15.00
15.00
15.00
15.00
15.00
15.00
15.00
15.00
15.00
15.00
15.00
14.00
15.00
14.00
15.00
15.00
14.50
15.00
15.00
14.50
14.50
15.00
15.00
15.00
15.00
15.00
15.00
15.50
15.00
15.00
14.50
15.00
15.00
14.00
15.00
15.00
15.00
15.00
15.00
15.00
15.00
14.50
15.00
15.50
14.00
16.00
16.00
16.00
16.00
14.00
14.00
14.00
13.00
16.00
15.00
14.00
15.50
14.00
16.00
17.50
15.00
14.00
16.00
16.00
14.00
13.50
15.00
16.00
16.00
15.50
16.00
16.00
16.00
14.50
15.00
16.00
16.50
16.00
14.00
16.00
15.50
14.00
16.00
15.00
15.00
14.00
15.00
16.00
16.00
14.00
16.00
14.00
16.00
16.50
15.00
14.00
16.00
16.00
14.00
15.00
15.00
16.00
16.00
15.00
14.00
16.00
15.00
14.00
14.00
16.00
16.00
14.00
14.00
16.00
16.00
15.00
16.00
14.00
14.00
16.00
15.00
16.00
16.00
16.00
17.00
16.00
16.00
16.00
16.00
15.00
14.00
15.00
16.00
15.00
16.00
14.00
16.00
15.00
16.00
14.00
15.00
14.00
16.00
15.00
16.00
16.00
15.00
16.00
16.00
15.00
14.50
15.00
15.00
14.50
15.00
15.00
15.50
15.00
15.00
16.00
15.50
15.00
15.00
15.50
15.00
15.00
15.00
15.00
15.00
15.00
15.00
15.50
15.00
15.50
15.00
16.00
15.00
15.00
15.00
15.00
15.00
15.50
15.00
15.00
15.00
15.00
15.00
15.00
15.00
15.00
15.50
15.00
14.00
15.00
15.00
15.00
15.00
15.00
15.00
15.00
15.00
15.00
16.00
15.00
15.50
15.00
15.00
15.50
14.50
14.00
15.00
15.00
15.00
14.50
14.00
15.00
15.50
15.00
15.00
15.00
15.00
15.00
15.00
15.00
15.00
15.00
17.00
17.00
15.00
15.00
16.00
17.00
17.00
16.00
15.00
15.00
15.00
16.00
15.00
15.00
16.00
16.00
16.00
14.00
14.00
14.00
14.00
14.00
16.00
16.00
15.00
16.00
16.00
16.00
14.00
16.00
16.00
15.00
14.00
16.00
16.00
14.00
14.00
16.00
14.00
14.00
16.50
17.00
14.00
14.00
14.50
15.00
16.00
15.00
16.00
16.00
13.50
15.00
14.00
16.00
16.00
14.00
16.00
15.00
16.00
16.00
15.00
16.00
14.00
14.00
15.00
16.00
13.00
14.00
16.00
16.00
14.00
15.00
14.00
16.00
14.00
17.00
16.00
14.00
16.00
16.00
16.00
16.00
13.50
16.00
15.50
14.00
14.00
15.00
14.00
16.00
15.00
14.00
16.00
16.00
15.00
16.00
14.00
14.00
16.00
16.00
15.00
16.00
16.00
16.00
14.00
15.00
16.00
14.00
15.00
130.00
138.00
143.00
144.00
145.50
147.00
154.00
155.00
157.00
158.00
160.00
162.00
163.00
163.00
162.50
162.00
161.00
160.50
161.00
88.00
15.00
15.00
15.00
15.00
15.00
15.00
15.00
15.50
15.00
15.00
15.00
15.00
15.00
15.00
15.00
15.00
15.00
15.00
14.00
15.00
15.50
15.00
15.00
15.00
15.00
15.00
15.00
15.50
15.00
15.00
15.50
15.00
15.00
15.00
15.00
15.00
15.00
15.00
15.00
15.00
15.50
15.00
15.00
14.50
15.00
14.00
15.00
15.00
15.00
15.00
14.50
14.50
15.00
15.00
15.00
15.00
15.00
15.00
15.00
14.00
16.00
15.00
15.00
15.00
15.00
15.00
15.00
15.50
14.50
15.00
15.00
15.00
16.00
14.00
15.00
16.00
14.00
16.00
15.50
16.00
15.00
16.00
16.00
15.00
14.00
15.00
16.00
16.00
16.00
15.00
16.00
15.00
14.00
16.00
15.00
16.00
16.00
16.00
16.00
16.00
16.00
16.00
16.00
14.00
15.00
14.00
16.00
15.00
16.00
16.00
14.00
15.00
14.00
14.50
14.00
14.00
14.00
14.00
16.00
16.00
15.00
15.00
16.00
14.50
14.00
16.00
14.50
15.00
16.00
16.00
16.00
14.00
14.00
16.00
15.00
14.00
16.50
15.00
14.00
16.00
14.00
16.00
16.00
16.50
14.00
14.00
14.00
15.50
16.00
14.00
15.00
14.50
14.00
14.00
13.50
14.00
14.00
16.00
15.00
14.00
16.00
16.00
16.00
14.00
16.00
14.00
16.00
14.00
16.00
14.00
16.00
16.00
16.00
16.00
16.00
16.00
15.00
16.00
16.00
15.00
15.00
15.00
15.00
15.00
15.00
15.00
15.00
15.00
15.00
15.00
15.00
15.00
15.00
15.00
15.00
15.00
15.00
15.00
15.00
14.50
15.00
15.00
15.00
15.00
15.00
14.50
14.50
15.00
15.00
15.00
15.00
16.00
14.50
15.00
15.00
15.00
15.00
15.00
14.50
15.00
15.00
16.00
14.50
14.00
14.00
15.00
15.00
15.00
15.00
15.00
15.00
15.00
15.00
15.00
15.00
15.00
15.00
15.00
15.00
15.00
15.00
17.00
17.50
17.00
17.00
15.00
17.00
17.00
17.00
17.00
15.00
15.00
17.00
16.00
15.00
15.00
13.00
16.00
15.50
14.50
13.00
14.00
15.50
14.00
16.00
16.00
16.00
15.00
16.00
15.00
16.00
14.00
16.00
14.00
14.00
15.00
16.50
14.00
14.00
16.00
16.00
14.00
15.50
15.00
14.00
14.00
16.00
14.00
16.00
16.00
16.00
16.00
16.00
15.50
16.00
15.00
14.50
16.00
14.00
16.00
14.00
14.00
16.00
16.00
16.00
16.00
15.00
16.00
16.00
16.00
14.00
16.00
16.00
15.00
16.00
16.00
15.00
14.00
16.00
16.00
16.00
16.00
16.00
15.00
14.00
15.00
16.00
16.00
15.50
16.00
14.00
16.00
17.00
15.00
16.00
15.50
14.00
14.00
16.00
16.00
16.00
14.00
16.00
16.00
14.00
14.50
16.00
16.00
16.00
15.50
16.00
14.00
13.50
16.00
16.00
15.00
14.00
16.00
15.00
14.00
16.00
16.00
15.00
15.00
15.00
15.00
15.00
15.00
15.00
16.00
15.00
15.00
15.00
15.00
15.00
15.00
15.00
15.00
16.00
15.00
15.00
15.50
15.50
15.00
15.00
14.50
15.00
15.00
15.00
15.00
14.00
15.50
15.00
15.00
15.00
15.00
15.00
15.00
15.50
15.00
15.00
14.50
15.00
15.00
15.00
15.00
15.00
15.00
15.00
15.00
15.00
15.00
15.00
15.00
15.00
15.00
15.00
15.00
15.00
14.00
16.00
15.00
15.00
15.00
15.50
15.00
14.50
15.00
15.00
15.00
15.00
15.00
15.00
14.00
15.00
15.00
15.00
15.50
15.00
15.00
15.00
15.00
15.00
14.00
15.50
15.00
15.00
14.50
14.00
16.00
15.00
15.00
16.00
16.00
15.00
16.00
16.00
15.00
16.00
16.00
16.00
16.00
14.00
14.00
16.00
14.00
16.00
14.00
15.00
16.00
16.00
16.00
16.00
16.00
14.00
16.00
14.00
16.50
14.00
14.00
15.00
16.00
16.00
14.00
16.00
16.00
16.00
14.00
16.00
14.00
14.00
16.00
16.00
15.50
16.00
14.00
16.00
15.00
16.00
16.00
14.00
15.00
14.00
15.00
16.00
14.00
14.00
16.00
14.00
16.00
15.00
16.00
16.00
14.00
16.00
16.00
15.00
16.00
15.00
14.00
15.00
14.00
14.00
15.00
14.00
15.00
16.00
14.00
14.00
16.00
14.00
16.00
14.00
17.00
16.00
16.00
14.00
15.50
14.00
16.00
16.00
14.00
14.00
15.00
15.00
16.00
14.00
16.00
15.00
16.00
14.00
14.00
16.00
15.00
16.00
16.00
17.00
16.00
14.50
15.00
15.00
15.00
15.00
15.00
15.00
15.00
15.00
15.00
15.00
15.00
15.00
15.00
15.00
14.50
15.00
15.00
15.00
15.50
15.00
15.00
15.00
15.00
15.00
15.00
14.00
15.00
15.00
15.00
15.00
15.00
15.50
15.00
15.00
15.00
15.00
15.00
15.00
15.00
15.00
15.00
14.50
15.00
15.00
15.50
15.00
15.00
15.50
15.00
15.00
14.50
15.00
15.00
15.00
15.00
15.00
17.00
17.00
16.00
16.00
17.00
17.00
15.00
17.00
17.00
16.00
17.00
15.00
17.00
15.00
14.00
15.00
15.00
15.00
14.50
14.50
13.00
14.00
16.00
16.00
14.00
15.00
16.00
16.00
14.00
14.00
14.00
15.00
14.00
14.00
16.00
16.00
14.00
16.00
15.00
16.00
13.00
16.00
14.00
14.00
15.50
13.00
13.00
16.00
14.00
14.00
16.00
14.00
16.50
16.00
16.00
16.00
14.00
16.00
14.00
16.00
16.00
14.00
16.00
15.00
14.00
16.00
15.00
15.00
14.00
16.00
14.00
15.00
16.00
15.00
14.00
15.00
16.00
14.00
15.00
15.00
16.00
15.00
14.00
14.00
14.00
15.00
16.00
14.00
14.00
14.00
15.00
15.00
15.00
16.00
16.00
16.00
14.00
16.00
16.00
15.50
14.00
14.00
16.00
14.00
15.00
16.00
14.00
15.00
15.00
14.00
15.00
14.50
14.00
16.00
16.00
15.00
15.00
13.00
14.50
15.00
14.00
13.00
15.00
14.00
14.00
15.00
16.00
16.00
15.00
15.00
15.00
15.00
14.50
15.00
14.50
15.00
15.00
14.00
15.00
15.00
13.50
14.00
14.00
14.00
13.50
14.00
14.00
15.00
13.50
14.00
15.00
14.00
14.00
14.00
14.50
14.00
14.00
14.00
14.00
15.00
14.00
15.00
13.00
14.00
14.00
14.00
14.00
14.00
15.00
15.00
14.00
14.00
15.00
15.00
14.00
13.50
14.50
13.00
14.00
14.00
14.00
14.00
14.00
14.00
14.00
14.00
14.00
13.50
13.50
14.00
14.00
14.50
15.00
14.00
14.00
13.50
14.50
14.00
13.00
14.00
14.00
14.00
14.00
14.00
14.00
14.00
14.00
15.00
14.50
15.00
13.00
13.00
14.50
14.00
13.50
16.00
16.00
16.00
14.50
13.00
15.00
16.00
16.00
13.00
15.00
14.00
14.00
14.50
15.00
14.00
16.00
14.00
14.00
14.00
16.00
15.00
16.00
15.50
14.00
14.00
14.00
15.00
14.00
14.50
16.00
15.50
14.00
14.00
14.00
16.00
15.00
16.00
16.00
14.00
16.00
16.00
16.00
15.50
14.00
16.00
15.00
13.50
14.00
15.00
14.00
16.00
14.00
16.00
15.00
16.00
14.50
14.00
14.00
16.00
16.00
14.00
15.00
16.00
16.00
13.50
15.00
14.00
15.00
15.00
14.00
16.00
14.00
14.00
14.00
16.00
14.00
14.00
16.00
15.00
16.00
16.00
15.00
14.00
14.00
16.00
14.00
14.00
14.00
14.00
16.00
16.00
14.50
16.00
13.00
14.00
15.00
14.00
16.00
15.00
14.00
16.00
14.00
14.00
14.00
14.00
13.50
15.00
15.00
14.50
15.00
15.00
15.00
14.00
14.50
14.50
14.00
14.00
15.00
14.50
14.00
15.00
14.50
14.00
14.00
14.50
14.00
15.00
14.00
14.00
15.00
15.00
14.00
14.00
15.00
14.50
14.50
14.00
15.00
14.50
14.00
14.50
15.00
14.00
16.00
15.00
15.00
14.00
13.00
14.00
14.00
15.00
14.00
14.00
14.00
14.50
15.00
13.00
14.00
14.00
14.00
15.00
17.00
16.00
15.00
15.00
15.00
17.00
16.00
17.00
15.00
15.00
16.00
15.00
17.00
15.50
15.00
14.50
14.50
14.00
14.00
14.50
14.00
14.00
15.00
15.00
15.00
16.00
16.00
14.00
16.00
15.00
16.00
14.00
14.50
14.00
16.00
15.00
15.00
16.00
16.00
15.00
16.00
14.00
14.00
16.00
16.00
16.00
16.00
14.00
16.00
16.00
14.00
14.00
16.00
16.00
14.00
16.00
13.50
15.00
16.00
14.00
15.00
16.00
15.50
14.00
16.00
16.00
15.00
1068.00
1064.00
1062.50
1062.00
1061.00
1062.00
1060.50
1060.00
1059.00
1061.50
1061.00
1062.00
1062.50
1062.00
1059.50
1063.00
1063.00
1063.00
1062.00
1061.50
537.50
15.00
610.50
1132.00
84.00
84.00
84.00
84.00
84.00
84.00
84.00
84.00
613.00
84.00
84.00
84.00
84.00
84.00
82.50
83.00
83.00
607.00
83.00
83.00
83.00
83.00
83.00
83.00
81.00
81.00
605.00
80.50
80.50
81.00
80.00
80.50
80.00
81.00
1129.00
79.50
79.00
79.00
81.00
81.00
81.00
81.00
81.00
81.00
1132.00
81.00
81.00
81.00
81.50
81.00
81.00
80.50
81.00
81.00
1132.50
81.00
81.00
80.00
81.00
81.00
80.00
80.50
80.00
80.00
81.00
80.00
81.00
81.00
81.00
81.00
81.00
81.00
1132.50
81.00
81.00
81.00
80.00
81.00
81.50
80.00
81.00
1135.50
81.00
80.00
81.00
82.00
80.50
80.50
80.00
80.00
608.00
80.00
80.00
1965.50
1979.50
1952.50
1945.00
1946.50
104.00
80.50
1132.00
80.00
80.00
81.00
81.00
80.00
81.00
80.00
80.00
80.00
607.50
80.00
80.00
81.00
81.00
80.00
80.50
80.50
80.00
80.50
609.00
80.00
80.00
81.00
82.00
81.00
80.00
80.00
80.00
80.00
81.00
1133.00
81.00
83.00
83.00
83.00
83.00
84.00
83.00
82.00
83.00
83.00
85.00
83.00
82.50
83.00
83.00
83.00
83.00
83.00
31.00
18.00
18.00
16.50
542.50
16.00
16.00
15.50
17.00
18.00
17.00
17.00
16.00
18.00
16.00
18.00
16.00
15.00
13.00
14.00
15.00
14.00
14.00
14.50
16.00
13.00
13.00
1055.50
15.00
14.00
15.00
14.00
15.00
13.50
15.50
15.00
14.00
15.50
1056.00
16.00
15.00
14.00
14.00
16.00
15.50
16.00
15.00
15.00
16.00
16.00
542.00
14.00
14.00
14.00
15.00
14.00
16.00
16.50
15.00
16.00
15.00
541.00
16.00
15.00
16.00
14.00
16.00
15.00
16.00
16.00
16.00
16.00
1052.00
15.00
14.00
14.00
14.50
15.00
14.00
16.00
14.00
14.00
16.00
14.00
1060.00
14.00
15.00
15.00
16.00
15.50
16.00
16.00
14.00
14.00
16.00
16.00
14.00
14.50
14.00
15.00
14.00
14.00
15.00
14.00
14.00
14.00
1055.00
14.00
13.50
14.00
14.50
14.00
14.00
14.00
14.00
14.00
14.00
14.00
14.00
14.00
14.00
14.00
14.00
14.00
14.00
14.00
14.00
14.00
15.00
14.00
14.00
14.00
14.00
14.00
15.00
17.00
17.00
17.00
15.00
15.00
17.00
16.00
17.00
17.00
17.00
15.00
17.00
17.00
17.00
14.00
15.00
15.00
13.00
14.00
14.00
14.00
14.50
14.00
14.00
14.00
14.00
15.00
14.00
19.00
14.00
14.00
14.00
15.00
14.00
14.50
14.00
15.00
14.00
14.00
539.50
15.00
14.50
15.00
14.50
14.50
14.00
15.00
541.50
16.00
14.00
16.00
16.00
16.00
13.00
15.00
16.00
16.00
15.00
16.00
16.00
14.00
15.00
16.00
16.00
15.00
16.00
544.00
14.00
14.00
14.00
16.00
16.00
14.00
16.00
15.00
14.00
14.00
546.50
16.00
16.00
16.00
14.00
16.00
16.00
16.00
16.00
16.00
14.00
16.00
1074.00
15.00
14.00
16.00
14.00
14.00
16.00
16.00
16.00
16.00
15.00
15.50
15.00
16.00
16.00
16.00
14.00
16.00
16.00
15.00
16.00
16.00
16.00
16.00
16.00
15.00
16.00
16.00
16.00
16.00
14.00
16.00
14.00
16.00
16.00
15.50
14.00
16.00
16.00
15.00
15.00
14.00
15.00
16.00
14.00
16.00
14.00
14.00
14.00
16.00
16.00
16.00
14.00
13.00
14.00
15.00
14.00
14.00
16.00
16.00
15.00
14.00
15.50
14.00
13.00
14.50
16.00
14.00
15.00
14.00
14.00
14.00
15.00
15.00
15.00
15.00
15.00
15.00
15.00
15.00
14.00
15.00
15.00
14.50
15.00
14.00
15.00
15.00
15.00
14.00
15.00
15.00
15.00
14.00
15.00
15.00
15.00
15.00
14.50
15.00
15.00
14.50
14.50
15.00
15.00
14.50
15.00
15.00
14.50
15.00
14.50
13.50
15.00
15.00
15.00
14.00
15.00
14.00
14.50
15.00
15.00
14.50
13.00
15.00
14.50
14.00
15.00
14.00
15.00
15.00
15.00
14.00
15.00
15.00
14.50
15.00
15.00
14.50
14.00
15.00
15.00
14.00
15.00
15.00
15.00
15.00
14.00
14.00
14.50
15.00
14.00
15.00
15.00
14.50
15.00
14.00
14.00
14.00
15.00
15.00
14.00
15.00
15.00
14.50
14.50
15.00
15.00
15.00
15.00
15.00
15.00
14.00
16.00
15.00
16.00
16.00
16.00
16.00
14.00
14.00
14.00
14.00
14.00
14.00
16.00
16.00
16.00
15.00
16.00
14.00
16.00
45.00
49.00
45.00
46.50
46.00
14.00
14.00
16.00
16.00
15.00
15.00
14.00
14.00
16.00
14.00
16.00
15.00
16.00
14.00
15.00
16.00
14.00
14.00
14.00
14.00
16.00
13.00
15.00
14.00
16.00
15.00
16.00
14.00
14.00
16.00
14.00
14.00
16.00
16.00
14.00
15.00
16.00
14.00
15.00
14.00
14.00
16.00
16.00
16.00
15.00
14.00
15.00
14.00
16.50
16.00
14.00
16.00
16.00
16.00
14.00
15.00
16.00
16.00
14.00
16.00
16.00
16.00
14.00
14.00
16.00
15.00
14.00
15.00
14.00
14.00
16.00
14.00
16.00
14.00
14.00
15.00
16.00
14.00
16.00
14.00
16.00
16.00
13.50
15.00
15.00
15.50
15.00
15.00
15.00
15.00
15.00
15.00
15.00
15.00
15.00
14.00
15.00
15.00
14.50
15.00
15.00
15.00
14.50
14.00
15.00
15.00
15.00
15.00
14.50
15.00
14.00
15.00
14.50
15.00
14.00
14.50
15.00
15.00
16.00
15.00
18.00
18.00
18.00
18.00
18.00
18.00
18.00
17.50
17.50
17.50
17.00
18.00
18.00
18.00
18.00
18.00
17.50
17.00
17.50
18.00
18.00
18.00
18.00
17.00
17.50
18.00
18.00
18.00
18.00
17.00
17.00
18.00
17.50
18.00
18.00
18.00
18.00
17.50
18.00
18.00
17.50
17.00
18.00
18.00
17.00
18.00
17.00
18.00
17.00
18.00
18.00
17.50
18.00
17.00
17.00
18.00
17.50
18.00
17.00
18.00
17.50
16.00
14.00
14.00
15.00
15.00
16.00
15.00
14.00
16.00
16.00
16.00
15.00
14.00
16.00
16.00
16.00
14.00
14.00
16.00
15.00
16.00
14.00
16.00
16.00
16.00
16.00
16.50
16.00
14.00
15.00
14.00
16.00
16.00
14.00
16.00
15.00
14.00
14.00
16.00
14.00
16.00
14.00
16.00
14.00
14.00
15.00
15.00
14.00
16.00
16.00
14.00
14.00
13.50
14.00
13.00
13.50
14.50
14.00
14.00
14.00
14.00
16.00
13.50
13.50
14.00
13.00
14.00
14.00
13.00
16.00
13.00
14.00
14.00
13.00
13.00
14.00
15.00
15.00
15.00
15.00
15.00
15.00
15.00
15.00
14.50
14.00
15.00
15.00
13.50
14.00
15.00
14.00
14.50
15.00
15.00
15.00
14.00
15.00
15.00
14.00
15.00
13.00
15.00
15.00
14.00
15.00
15.00
15.00
15.00
15.00
14.00
15.00
15.00
15.00
15.00
13.50
15.00
15.00
14.00
15.00
15.00
15.00
14.50
14.50
14.50
14.50
14.50
14.00
15.00
14.00
15.00
14.00
15.00
15.00
15.00
13.50
14.00
15.00
15.00
14.00
15.00
15.00
15.00
14.50
14.00
15.00
15.00
14.00
15.00
15.00
15.00
15.00
14.50
14.00
15.00
14.00
14.50
15.00
14.00
14.50
13.00
15.00
14.50
14.00
14.50
14.50
14.50
15.00
15.00
14.50
14.00
14.00
15.00
15.00
15.00
15.00
15.00
15.00
14.00
15.00
14.50
15.00
15.00
15.00
15.00
15.00
15.00
13.00
15.00
15.00
15.00
15.00
15.00
14.00
14.00
15.00
15.00
14.00
15.00
15.00
15.00
15.00
15.00
15.00
14.50
15.00
14.00
15.00
15.00
14.50
14.00
15.00
14.50
15.00
15.00
15.00
15.00
14.00
14.50
15.00
14.00
15.00
14.50
15.00
15.00
15.00
15.00
15.00
15.00
14.50
15.00
15.00
15.00
15.00
15.00
15.00
15.00
14.00
14.00
14.00
15.00
15.00
14.00
15.00
15.00
15.00
14.50
15.00
15.00
15.00
15.00
15.00
15.00
14.00
14.50
15.00
15.00
15.00
14.00
15.00
14.00
14.50
15.00
14.00
15.00
15.00
15.00
15.00
14.50
14.00
14.00
15.00
14.00
15.00
16.00
14.50
14.50
15.00
15.00
14.00
14.00
15.00
15.00
15.00
14.00
14.50
14.50
15.00
14.50
15.00
14.00
14.50
14.50
15.00
15.00
15.00
15.00
15.00
15.00
15.00
15.00
14.50
15.00
15.00
15.00
14.00
15.00
15.00
15.00
15.00
15.00
15.00
13.00
14.00
15.00
14.50
15.00
15.00
15.00
15.00
14.50
15.00
15.00
15.00
15.00
15.00
15.00
14.00
15.00
15.00
15.00
15.00
16.00
15.00
15.50
15.00
15.00
14.50
15.00
15.00
16.00
15.00
15.00
16.00
14.00
14.00
14.00
15.00
14.00
16.00
15.00
16.00
14.00
14.00
15.00
16.00
1569.00
1567.00
1565.00
1565.00
1565.00
1567.00
16.00
16.00
16.00
16.00
16.00
16.00
16.00
16.00
16.00
16.00
16.00
14.00
16.00
16.00
15.00
16.00
16.00
14.00
15.00
14.00
16.00
15.00
16.00
16.00
16.00
16.00
16.00
16.00
16.00
799.50
1575.00
1573.00
1569.00
1567.00
1567.00
1567.50
1569.00
1572.00
1568.00
1567.00
1567.00
1569.00
16.00
16.00
14.00
16.00
14.00
16.00
16.00
16.00
16.00
16.00
16.00
16.00
16.00
16.00
15.00
15.00
15.00
15.00
15.00
15.00
14.50
15.00
15.00
15.00
15.00
15.00
15.00
15.00
15.00
15.00
15.00
15.00
15.00
15.00
15.00
15.00
15.00
15.00
15.00
15.00
14.50
15.00
15.00
15.50
15.00
15.00
15.00
15.00
15.00
15.50
15.50
16.00
16.00
16.50
16.50
16.00
17.00
16.50
16.00
17.00
16.00
16.00
16.00
16.00
16.00
16.00
1920.00
1899.50
1904.00
1906.00
29.50
16.00
16.50
15.50
17.00
17.00
16.00
16.00
16.00
17.00
15.50
17.00
16.00
15.50
17.00
16.00
16.00
16.00
17.00
16.00
16.00
16.00
16.00
17.00
16.00
16.00
15.50
16.00
15.50
17.00
17.00
17.00
15.00
17.00
17.00
17.00
17.00
15.50
17.00
18.00
17.00
18.00
17.00
17.00
16.00
17.00
17.50
18.00
17.00
17.00
15.00
17.00
18.00
18.00
17.00
16.50
18.00
16.00
18.00
18.00
17.00
17.00
15.00
16.50
16.50
15.00
17.00
18.00
15.50
17.00
18.00
15.50
18.00
16.00
17.00
17.00
16.50
18.00
17.00
15.00
15.00
17.00
17.00
17.00
17.00
18.00
16.00
17.00
17.00
17.00
1820.00
1858.00
20.00
17.50
17.00
17.00
18.00
16.00
16.00
16.50
16.00
15.00
17.00
17.50
15.00
17.00
16.50
18.00
16.00
18.50
16.50
17.00
17.00
15.50
17.00
17.00
17.00
15.00
17.00
15.00
16.00
17.00
16.00
17.00
15.00
17.00
16.00
17.00
17.00
15.50
17.00
17.00
18.50
17.50
17.00
17.00
16.00
16.00
17.00
16.00
16.00
15.50
16.00
16.00
15.50
17.00
17.00
16.50
15.50
16.00
16.00
16.00
16.50
16.00
16.00
16.00
15.50
16.00
17.00
17.00
16.00
16.00
16.50
16.00
16.00
15.50
16.00
16.50
16.00
276.50
1858.00
1857.00
1857.00
16.00
16.50
16.00
15.50
16.00
16.00
16.00
16.00
15.00
15.50
16.00
16.00
16.00
16.00
16.00
16.00
16.00
17.00
16.00
16.50
16.00
16.00
16.00
16.50
16.50
16.00
16.00
16.00
16.00
15.50
17.00
16.00
16.00
16.50
16.00
14.00
16.00
17.00
16.00
16.00
17.00
14.00
16.00
16.00
16.00
16.00
14.00
16.00
16.00
16.00
15.00
1224.50
1827.00
1836.00
29.00
13.00
16.00
16.00
16.00
14.00
15.50
16.00
14.00
16.00
16.00
16.00
16.00
16.00
16.00
16.00
14.50
14.00
16.00
16.00
16.00
16.00
16.00
16.00
16.00
16.00
16.00
16.00
15.00
16.00
16.00
14.00
16.00
16.00
16.00
16.00
16.00
15.00
16.00
16.00
16.00
16.00
16.00
16.00
16.00
16.00
16.00
14.00
16.00
16.00
16.00
16.00
16.00
16.00
14.00
15.00
16.00
16.00
16.00
15.00
16.00
14.00
16.50
16.00
14.00
15.00
14.00
16.00
15.50
15.00
16.00
16.00
14.00
15.00
16.00
16.00
16.00
14.00
16.00
14.00
15.00
15.00
16.00
14.00
16.00
15.00
14.00
16.00
15.00
16.00
16.00
15.00
63.50
70.00
71.00
72.00
69.50
71.00
70.00
69.00
69.00
69.00
69.00
69.00
69.00
69.00
69.00
69.00
69.00
67.00
68.00
67.00
68.00
67.00
68.00
66.50
67.00
68.00
66.00
67.00
68.00
66.50
67.00
67.00
67.00
67.00
67.00
67.00
68.00
67.00
68.00
454.00
458.50
462.00
465.50
467.00
469.00
470.00
470.00
471.00
471.00
473.00
472.00
471.00
472.00
472.00
472.00
472.00
473.50
473.50
474.00
472.00
471.00
473.00
472.00
472.50
474.00
475.00
475.00
473.00
473.00
474.00
475.00
474.00
68.00
68.00
68.00
68.00
68.00
67.50
68.00
68.50
67.00
70.00
68.00
68.00
68.00
70.00
70.00
69.00
69.00
69.50
67.00
69.00
69.00
70.00
468.00
467.50
468.50
471.00
472.00
472.00
68.00
68.00
69.00
68.00
69.00
69.00
70.00
473.00
469.00
469.50
471.00
70.00
68.00
68.00
68.00
69.00
68.00
69.00
69.00
69.00
471.50
470.00
470.00
472.00
68.00
68.00
68.00
68.00
68.00
67.50
68.00
67.50
469.00
469.00
469.00
69.00
68.00
70.00
68.50
67.00
68.00
69.50
69.00
70.00
467.00
467.00
496.00
495.00
95.50
96.00
96.00
98.00
96.00
98.00
97.00
96.00
496.50
494.00
495.00
496.00
95.00
95.00
95.00
95.00
95.00
95.50
95.00
95.00
95.50
476.00
494.00
496.00
496.00
95.00
96.00
96.00
96.00
95.00
95.50
95.00
91.00
93.00
323.00
523.50
524.00
524.00
130.00
130.00
130.00
130.00
130.00
130.00
130.00
130.00
130.00
528.00
528.00
529.00
530.00
530.00
130.00
130.50
130.00
131.00
91.00
91.00
91.00
90.50
91.00
93.00
91.00
91.00
91.00
93.00
92.00
91.00
91.00
93.00
93.00
91.00
93.00
89.00
89.00
89.50
91.00
91.00
89.00
89.00
91.00
90.00
91.00
90.00
91.00
91.00
91.00
90.00
92.00
89.00
91.00
91.00
91.00
90.00
91.00
114.00
1974.00
1966.00
1957.00
147.00
146.50
93.00
91.00
91.00
91.00
91.00
91.00
92.00
91.00
92.00
91.00
92.00
92.00
92.00
92.00
92.00
55.50
56.00
55.00
55.00
55.00
55.00
55.00
55.00
55.00
55.00
55.00
55.00
55.00
55.00
55.50
55.00
55.00
55.00
55.00
55.00
55.50
55.00
55.00
55.00
55.00
55.00
55.00
55.00
55.00
55.00
55.00
55.00
55.00
55.00
55.00
54.00
55.00
55.00
53.00
55.00
55.00
55.00
55.00
54.50
54.50
55.00
55.00
55.00
55.00
54.00
54.00
55.00
53.00
53.00
55.00
55.00
55.00
55.00
55.00
55.00
55.50
55.00
55.00
54.50
55.00
55.00
53.00
55.00
55.00
53.00
55.00
55.00
55.00
55.00
54.00
54.00
53.00
55.00
53.00
54.00
54.00
53.00
55.00
54.00
55.00
55.00
54.00
55.00
55.00
54.50
55.00
55.00
54.00
55.00
53.00
55.00
55.50
54.00
54.00
52.00
52.00
52.00
52.00
52.00
52.00
52.00
52.00
52.00
52.00
52.00
52.00
54.00
52.00
52.00
52.00
52.00
52.00
52.00
54.00
53.00
54.00
54.00
52.00
52.00
54.00
54.00
54.00
54.00
52.00
53.00
52.00
52.00
54.50
52.00
52.00
52.00
54.00
54.00
54.00
53.00
54.00
54.00
54.00
52.00
54.00
52.00
52.00
54.00
52.00
54.00
52.00
52.00
55.00
53.00
54.00
53.00
54.00
54.00
54.00
53.00
52.00
54.00
53.00
53.00
52.00
53.00
52.00
55.00
52.00
55.00
53.00
53.00
54.00
53.00
53.00
70.50
172.00
181.00
182.00
185.00
185.50
192.00
194.50
194.00
197.00
198.00
202.00
201.00
201.00
203.00
200.00
201.00
478.00
452.00
428.00
307.00
196.00
196.00
428.00
300.50
194.00
193.00
195.00
196.00
197.00
196.00
196.50
198.00
198.00
199.00
198.00
199.00
199.00
199.00
199.00
200.00
200.00
200.50
199.00
200.00
201.00
200.00
200.00
201.00
201.50
201.00
201.00
202.00
201.50
203.00
200.00
200.00
201.50
202.00
199.00
200.00
199.00
200.00
201.00
199.00
201.00
200.00
202.00
201.00
199.00
200.50
201.50
202.00
202.00
202.00
202.50
203.00
203.00
203.00
203.00
202.00
202.00
202.00
202.00
201.50
202.00
201.50
202.00
202.00
201.00
201.50
201.00
201.50
202.00
201.00
201.00
201.50
201.00
202.00
200.00
200.00
200.00
200.00
200.50
200.00
325.50
199.00
200.00
200.00
199.00
199.00
199.00
199.00
199.00
199.00
198.00
199.00
199.00
199.00
199.00
198.00
198.00
198.00
198.50
197.00
197.00
197.00
198.50
196.00
195.00
196.00
196.50
196.00
196.00
196.00
196.00
196.00
196.00
196.00
197.00
196.00
196.50
196.00
196.00
1126.50
2082.00
197.00
197.00
197.00
198.00
198.00
198.00
1232.00
2038.00
197.50
207.00
2052.00
233.00
198.00
198.00
198.00
197.50
198.00
198.00
196.50
196.00
196.00
196.00
196.00
197.00
196.50
196.50
196.00
197.00
196.50
197.00
197.00
195.50
196.00
196.00
196.00
196.00
196.00
196.00
195.50
196.00
195.50
196.00
196.00
196.00
196.00
196.00
196.00
195.00
195.50
195.00
194.00
193.00
191.00
192.00
193.50
193.50
195.00
196.00
195.00
194.50
194.00
195.00
195.00
196.00
196.00
196.00
195.00
195.00
195.00
196.00
195.00
195.00
195.00
195.00
194.00
195.00
195.00
195.00
194.00
195.00
194.00
195.00
195.00
193.00
194.00
195.00
195.00
194.00
195.00
195.00
195.00
195.50
195.00
196.00
194.00
195.00
195.00
195.00
195.00
195.00
195.00
194.00
194.00
194.00
195.00
195.00
195.00
195.00
194.00
193.50
194.00
191.00
191.00
193.00
194.00
195.00
195.00
195.00
195.00
193.00
192.50
193.00
192.00
192.00
191.00
191.00
192.00
193.00
192.50
191.00
191.00
191.50
191.00
192.00
194.00
193.00
193.00
192.00
191.00
190.00
191.00
190.50
190.00
191.00
191.00
190.50
190.00
190.00
191.00
191.00
190.50
190.00
190.00
190.00
190.50
190.00
190.00
191.00
191.00
191.00
191.00
190.00
190.00
190.00
190.00
190.00
190.00
190.50
190.00
191.00
191.00
190.00
191.00
190.00
190.00
190.00
191.00
190.50
191.00
192.00
190.00
191.00
190.00
191.00
190.50
190.50
191.00
191.00
191.00
191.00
191.00
190.00
190.00
191.00
191.50
191.00
192.00
191.00
192.00
190.00
191.00
191.00
190.00
192.00
191.00
191.00
192.00
193.00
192.00
192.00
192.00
192.00
192.00
193.00
193.00
192.00
192.00
192.00
192.00
192.00
192.00
191.50
193.00
192.00
193.00
192.50
192.00
193.00
191.00
192.00
192.00
192.50
192.50
193.00
192.00
192.50
192.00
193.00
193.00
192.00
191.50
192.00
193.00
192.50
193.00
193.00
193.00
194.50
193.00
195.00
193.00
193.00
193.00
195.00
193.00
193.00
193.00
192.50
194.00
192.00
193.00
192.00
192.00
191.50
192.00
192.00
192.50
193.50
195.00
193.00
192.00
193.00
193.00
193.00
192.00
194.00
193.50
192.00
194.00
195.00
195.00
193.00
195.00
195.00
195.00
195.00
194.50
194.50
195.00
194.00
194.00
193.00
193.00
192.50
193.00
192.00
193.00
195.00
192.00
193.00
193.50
194.00
192.00
194.00
195.50
194.00
193.00
194.00
193.00
193.50
195.50
216.00
2086.00
2079.00
2070.00
2059.00
2044.00
1142.00
214.00
195.00
195.50
193.00
194.00
193.50
194.00
193.50
194.00
196.00
194.00
197.00
198.00
197.00
196.00
196.50
197.00
194.00
194.00
193.00
194.00
193.00
194.00
194.00
194.00
195.00
195.00
194.00
195.00
195.00
192.00
191.00
190.50
190.00
190.00
191.00
189.50
189.00
189.00
191.50
192.00
193.50
194.00
194.00
194.00
195.00
194.00
192.00
192.00
195.00
191.00
189.00
189.00
192.00
192.50
189.00
50.00
49.00
49.00
50.00
49.00
52.00
51.50
53.00
52.00
51.50
49.00
49.00
49.50
49.00
49.00
50.00
49.50
51.00
51.00
51.00
51.00
53.00
53.00
53.00
51.00
50.00
51.50
51.00
51.00
50.50
51.00
53.00
52.00
51.00
53.00
52.00
52.00
52.00
51.00
50.50
51.00
52.00
53.50
53.00
52.00
53.00
53.50
53.00
54.00
55.50
55.00
54.00
55.00
56.00
55.00
55.50
55.50
53.00
55.00
55.00
52.00
54.00
55.00
55.00
55.00
53.00
53.00
55.00
55.00
53.00
52.00
53.00
56.00
55.00
55.00
55.50
55.00
56.00
54.00
54.00
55.00
55.00
55.50
53.00
53.00
54.50
55.50
52.00
55.00
54.00
53.00
53.00
53.00
56.00
55.00
55.00
56.00
55.00
55.00
53.00
55.00
55.00
55.00
54.50
55.00
55.00
54.00
55.00
54.50
54.00
55.00
55.00
53.00
53.00
53.00
53.00
54.50
53.00
53.00
53.00
53.00
53.00
54.50
53.00
52.00
52.00
53.00
52.00
52.00
52.00
54.00
54.00
53.50
54.00
54.00
54.00
54.00
54.00
54.00
53.00
52.00
54.00
54.00
52.00
52.00
52.00
52.00
52.00
54.00
54.00
52.00
52.00
52.00
54.00
54.00
54.00
54.00
52.00
52.50
52.00
54.00
52.00
54.50
54.00
54.00
53.50
54.00
53.00
54.00
55.00
54.50
52.00
53.00
54.00
53.00
54.50
54.00
54.00
52.00
52.00
54.00
52.00
55.00
53.00
54.00
54.00
54.00
53.00
54.50
54.00
52.00
54.00
54.50
54.00
52.00
55.00
54.00
54.00
54.50
55.00
54.00
51.50
52.50
54.00
54.50
53.00
53.00
55.00
55.00
55.00
55.00
55.00
55.00
55.00
55.00
55.50
55.00
55.00
55.00
55.00
55.00
55.00
55.00
55.00
55.00
55.00
55.00
55.00
56.00
55.00
55.00
55.00
54.50
55.00
55.00
55.00
55.00
55.00
55.00
55.00
55.00
55.00
55.00
55.00
55.00
54.50
55.00
55.00
55.00
55.00
55.00
55.00
55.00
55.00
54.00
55.00
55.00
55.00
54.00
55.00
55.00
55.00
55.00
53.00
55.00
55.00
55.00
55.00
55.00
55.00
55.00
55.00
55.00
55.00
55.00
55.00
55.00
55.00
55.00
55.50
55.00
55.00
55.00
55.00
55.00
56.00
55.00
55.00
55.00
56.00
55.00
55.00
55.50
55.00
55.00
55.00
55.00
55.00
55.00
55.00
55.00
55.00
56.00
55.00
55.00
55.50
55.00
55.00
55.00
55.00
55.00
55.00
55.50
54.00
52.00
54.00
54.00
54.00
54.00
54.00
54.00
54.00
53.00
54.00
53.00
54.00
54.00
52.00
54.00
54.00
54.00
54.00
54.00
54.00
54.00
54.00
54.00
54.00
52.00
54.00
54.00
54.00
54.00
54.00
54.00
54.00
54.00
54.00
54.00
54.00
54.00
54.00
54.00
54.00
53.00
54.00
54.00
54.00
54.00
54.00
54.00
54.00
54.00
54.00
54.00
54.00
54.00
54.00
54.00
54.00
54.00
52.00
54.00
53.00
54.00
54.00
54.00
54.00
54.00
53.00
54.00
54.00
55.50
56.00
55.00
55.00
55.50
55.00
55.00
53.00
55.00
55.00
55.00
54.00
54.00
55.00
54.50
