139.50
141.00
144.00
143.00
140.00
139.00
141.00
140.00
141.00
142.00
141.00
147.00
143.00
143.00
143.00
138.00
139.00
140.00
138.00
143.00
141.00
146.00
144.00
140.00
141.00
138.00
136.00
140.00
140.50
141.00
141.00
146.00
138.00
139.00
145.00
141.00
146.00
151.00
149.00
149.00
150.00
147.00
148.00
148.00
160.00
476.00
526.00
498.00
479.00
474.00
470.00
468.00
458.50
458.00
456.00
455.00
449.00
455.00
453.00
451.00
452.00
449.00
444.00
444.00
446.00
446.00
447.00
450.00
444.00
441.00
442.00
444.00
438.00
445.00
444.00
442.00
435.00
439.00
436.00
436.00
433.00
441.00
436.00
436.00
439.00
435.00
440.00
435.00
440.00
437.00
435.00
435.00
435.00
435.00
434.00
430.00
430.00
434.00
430.00
432.50
429.00
425.00
432.00
434.00
430.00
436.00
431.00
427.00
428.00
429.00
428.00
431.00
428.00
431.00
428.00
427.00
433.00
433.00
423.00
429.00
430.00
431.00
424.00
441.00
426.00
425.00
429.00
430.00
426.00
423.00
430.00
428.00
422.00
428.00
425.00
424.00
431.00
431.00
427.00
425.00
423.00
430.00
427.00
422.00
428.00
428.00
429.00
425.00
423.00
425.00
422.00
423.00
423.00
424.00
423.00
428.00
421.00
431.00
426.00
425.00
429.00
421.00
427.00
428.00
419.00
424.00
435.00
428.00
427.00
425.00
425.00
424.00
423.00
424.00
416.00
140.00
140.00
139.00
140.50
137.00
138.00
141.00
136.00
140.00
140.00
141.00
141.00
137.00
136.00
139.00
137.00
139.00
139.00
142.00
140.00
139.00
159.00
157.00
156.00
153.00
150.00
152.00
156.50
154.00
153.00
152.00
152.00
153.00
149.00
150.00
153.00
152.00
154.00
151.00
152.00
150.00
152.00
149.00
157.00
152.00
155.00
146.00
154.00
154.00
143.00
153.50
149.00
154.00
148.00
149.00
149.00
142.00
141.00
142.00
136.00
142.00
146.00
143.00
140.00
140.00
141.00
139.00
137.00
142.00
144.00
143.00
142.00
141.00
140.00
141.00
139.00
137.00
140.00
138.00
142.00
138.00
137.00
141.00
139.00
138.00
143.00
141.00
144.00
140.00
141.00
141.00
141.00
140.00
140.00
139.00
139.00
141.00
139.00
145.00
140.00
141.00
141.00
143.00
142.00
138.00
149.00
149.00
148.00
146.00
148.00
148.00
150.00
146.00
146.00
152.00
506.00
523.00
505.00
486.00
477.00
465.00
465.00
463.00
458.50
469.00
456.00
456.00
458.00
459.00
446.00
451.00
450.00
449.00
445.00
448.00
447.00
446.00
441.00
441.00
450.00
443.00
441.00
443.00
446.00
438.00
438.00
436.00
434.00
441.00
440.00
446.00
441.00
435.00
438.00
438.00
439.00
439.00
433.00
436.00
439.00
435.00
436.00
438.00
431.00
438.00
437.00
433.00
427.00
435.00
434.00
431.00
435.00
428.00
427.00
434.00
438.00
426.00
442.00
431.00
434.00
433.00
431.00
433.00
426.00
435.00
431.00
430.00
434.00
430.00
429.00
430.00
430.00
429.00
428.00
426.00
427.00
427.00
428.00
426.00
424.00
423.00
427.00
429.00
430.00
434.00
425.00
430.00
433.00
428.00
427.00
427.00
427.00
425.50
426.00
427.00
424.00
423.00
424.00
428.00
426.00
427.00
429.00
430.00
424.00
423.00
424.00
423.00
425.00
421.00
429.00
429.00
424.00
426.00
426.00
424.00
425.00
420.00
426.00
427.00
421.00
424.00
421.00
427.00
427.00
425.00
426.00
425.50
414.00
408.00
404.00
408.00
406.00
402.00
406.00
414.00
419.00
416.00
412.00
410.00
412.00
155.00
153.00
149.00
147.00
152.00
151.00
153.50
150.00
153.00
151.00
151.00
150.00
151.00
149.00
150.00
153.00
150.00
151.00
150.00
151.00
154.00
146.00
150.00
152.00
150.00
153.00
155.00
154.00
143.00
140.00
143.00
140.00
142.00
149.00
139.00
142.00
143.00
142.00
142.00
143.00
141.00
142.00
141.00
141.00
139.00
139.00
143.00
140.00
141.00
139.00
141.00
138.50
141.00
142.00
140.00
138.00
144.00
139.00
138.00
140.00
138.00
139.00
140.00
141.00
137.00
141.00
141.00
140.00
141.00
139.00
138.00
140.00
143.00
139.00
141.00
140.00
142.00
137.00
143.00
144.00
141.00
146.00
139.00
139.00
139.00
137.50
143.00
140.00
137.00
141.00
143.00
138.00
136.00
140.00
141.00
141.00
139.00
138.00
143.00
153.00
154.00
150.00
144.00
150.00
149.00
150.00
149.00
149.00
147.00
149.00
149.00
147.00
151.00
147.00
146.00
528.00
510.50
491.00
478.00
476.00
462.00
462.00
454.00
457.50
454.00
453.00
452.00
454.00
452.00
452.00
448.50
442.00
455.00
451.00
445.00
444.00
446.00
448.00
450.00
444.00
441.00
439.00
445.00
439.00
437.00
443.00
444.00
435.00
439.00
443.00
435.00
439.00
440.00
437.00
433.00
439.00
433.00
433.00
436.00
435.00
438.00
433.00
435.00
435.00
432.00
431.00
430.00
431.50
432.00
429.00
434.00
428.00
436.00
433.00
430.00
438.00
427.00
430.00
430.00
433.00
435.00
434.50
430.00
431.00
434.00
431.00
434.00
430.00
429.00
430.00
427.00
428.00
425.00
428.00
427.00
429.00
430.00
424.00
429.50
427.00
426.00
425.00
421.00
428.00
433.00
430.00
431.00
426.00
431.00
426.00
426.00
429.00
432.00
424.00
421.00
427.00
425.50
423.00
428.00
427.00
425.00
424.00
431.00
425.00
425.00
431.00
427.00
436.00
442.00
441.00
442.00
436.00
435.00
436.00
436.00
440.00
437.50
437.00
441.00
438.00
433.00
436.00
442.00
444.00
438.00
435.00
438.00
435.00
427.00
422.00
426.00
418.00
416.00
419.00
410.00
423.00
408.00
406.00
414.00
409.00
408.00
406.00
402.00
142.00
143.00
145.00
145.00
142.00
145.00
142.00
139.50
139.00
140.00
141.00
139.00
147.00
143.00
137.00
143.00
139.00
143.00
144.00
140.00
141.00
142.00
143.00
139.00
145.00
147.00
144.00
141.00
139.00
143.00
141.00
140.00
138.00
140.00
142.00
139.00
141.00
138.00
141.00
143.00
142.00
139.00
139.00
141.00
140.00
140.00
139.00
139.00
142.00
142.00
142.00
139.00
146.00
139.00
141.50
142.00
143.00
143.00
143.00
139.00
140.00
137.00
141.00
139.00
138.00
140.00
138.00
138.00
141.00
141.50
141.00
141.00
140.00
140.00
139.00
142.00
140.00
144.00
146.00
141.00
140.00
142.00
142.00
139.00
141.00
138.00
137.00
140.00
139.00
138.00
139.00
138.00
141.00
139.00
139.00
141.00
138.00
140.00
143.00
142.00
149.00
150.00
154.00
147.00
150.00
152.00
151.00
150.00
150.00
151.00
150.00
149.00
150.00
148.00
146.00
516.00
524.00
499.00
491.00
471.00
469.00
462.00
458.00
456.00
458.00
456.00
456.00
453.00
458.00
451.00
455.00
453.00
447.00
448.00
445.00
447.00
448.00
446.00
445.00
441.00
448.00
445.00
444.00
441.00
444.00
447.00
436.00
442.00
442.00
442.00
436.00
444.00
440.00
437.00
426.00
444.00
437.00
439.00
441.50
433.00
438.00
437.00
439.00
442.00
436.00
437.00
432.00
434.00
436.50
435.00
436.00
428.00
432.00
436.00
434.00
434.00
433.00
426.00
436.00
430.00
433.00
432.00
429.00
431.00
432.00
431.00
432.00
429.00
432.00
428.00
428.00
426.00
424.00
426.00
429.00
429.00
431.00
441.00
440.00
442.00
441.00
444.00
438.00
440.50
442.00
445.00
436.00
443.00
446.00
442.00
447.00
439.00
434.00
432.00
440.00
443.00
433.00
435.00
439.00
435.00
440.00
431.00
441.00
437.00
439.00
444.00
436.00
442.00
436.00
440.00
434.00
431.00
431.00
425.00
421.00
434.00
433.00
425.00
428.00
428.00
427.50
423.00
429.00
430.00
427.00
427.00
427.00
432.00
428.00
427.00
423.00
416.00
407.00
411.00
404.00
407.00
405.00
409.00
405.00
398.00
401.00
406.00
401.00
404.00
403.00
399.00
401.00
399.00
398.00
393.00
137.00
141.00
140.00
137.00
143.00
141.00
137.00
142.00
139.00
140.00
141.00
139.00
140.00
138.00
142.00
139.00
140.00
142.00
143.00
143.00
142.00
144.00
140.00
141.00
145.00
145.00
144.00
138.00
137.00
142.00
145.00
141.00
142.00
142.00
142.00
139.00
139.00
143.00
138.00
138.00
141.00
140.00
142.00
142.00
143.00
141.00
141.00
146.00
141.00
140.00
140.00
143.00
143.00
143.00
139.00
136.00
147.00
142.00
195.00
198.00
2801.00
3082.00
2795.00
2726.00
2921.00
2667.00
2707.00
2745.00
2775.00
2800.00
2820.00
2825.00
2831.00
2845.00
2838.00
2838.00
2846.00
2846.00
2848.00
2842.00
2846.00
2847.00
2855.00
2853.00
3242.00
3229.00
3217.00
3195.00
3195.00
3186.00
3189.00
3191.00
3184.00
3188.00
3185.00
3182.00
3194.00
3178.00
3184.00
3179.00
3168.50
3171.00
3171.00
3168.00
3155.00
3160.00
3155.00
3157.00
3155.00
3155.00
3154.50
3151.00
3154.00
3146.00
3147.00
3183.00
3188.00
3184.00
3189.00
3198.00
3195.00
3189.00
3181.00
3199.00
3177.00
3193.00
3189.00
3187.00
3182.00
3181.00
3176.00
3187.00
3191.00
3186.00
3184.00
3182.00
3176.00
3190.00
3184.00
3174.00
3183.00
3184.00
3326.00
3180.00
3181.00
3189.00
3186.00
3186.00
3186.00
3189.00
3193.00
3191.00
3187.00
3179.00
3181.00
3175.00
3183.00
3168.00
3175.00
3185.00
3183.00
3184.00
3184.00
3181.00
3177.50
3180.00
3168.00
3178.00
3170.00
3167.00
3158.00
3173.00
3165.00
3157.00
3145.00
3150.00
3152.00
3156.00
3159.00
3152.00
3144.00
3147.00
3151.00
3152.00
3136.00
3145.00
3287.00
3283.00
3282.00
3274.00
3281.00
3280.00
3277.00
3265.00
3271.00
3274.00
3272.00
3273.00
3268.00
3272.00
3272.00
3274.00
3290.00
3279.00
3275.00
3283.00
3282.00
3288.00
3286.00
3284.50
3273.00
3282.00
3279.00
3279.00
3281.00
3283.00
3287.00
3265.00
3282.00
3268.00
3275.00
3281.00
3285.00
3282.00
3284.00
3287.00
3282.00
3280.00
3291.00
3284.50
3289.00
3293.00
3287.00
3147.00
3136.00
3142.00
3154.00
3146.00
3145.00
3138.00
3140.00
3144.00
3145.00
3144.00
3132.00
3127.00
3136.50
3130.00
3135.00
3126.00
3127.00
3109.00
3101.00
3092.00
3092.00
3104.00
3088.00
3089.00
3088.00
3084.00
3087.00
3084.00
3080.00
3076.00
3075.00
3079.00
3074.00
3076.00
3079.00
3072.00
3067.00
3068.00
3066.00
3065.00
3067.00
3052.00
3056.00
3050.00
3057.00
3049.00
3056.50
3053.00
3054.00
3051.00
3059.00
3063.00
3060.00
3060.00
3052.00
3057.00
3052.00
3048.00
3048.00
3042.00
3058.00
3047.00
3043.00
3056.00
3038.00
3032.00
3046.00
3045.00
2790.00
2789.00
2793.00
2787.00
2793.00
2789.00
2788.00
2792.00
2795.00
2792.00
2793.00
2785.50
2800.00
2784.00
2780.00
2790.00
2791.00
2786.00
2791.00
2787.00
2786.00
2785.00
2785.00
2788.00
2784.00
2782.00
2785.50
2786.00
2797.00
2801.00
2806.00
2792.00
2797.00
2797.00
2802.00
2793.00
2793.00
2793.00
2797.00
2797.00
2792.00
2791.00
2790.00
2792.00
2789.00
2789.00
2791.00
2792.00
2786.00
2788.00
2788.00
2789.00
2791.00
2790.00
2788.00
2783.00
2779.00
2787.00
2784.00
2788.00
2783.00
2773.50
2768.00
2766.00
2760.00
2768.00
2764.00
2765.00
2761.00
2749.00
2746.00
2749.00
2751.00
2736.00
2744.00
2747.00
2745.00
2749.00
2747.50
2744.00
2747.00
2748.00
2744.00
2754.00
2763.00
2763.00
2760.00
2766.50
2768.00
2765.00
2766.00
2779.00
2774.00
2775.00
2783.00
2773.00
2773.00
2774.00
2769.00
2777.00
2765.00
2767.00
2766.00
2761.00
2767.00
2763.00
2773.00
2774.00
2766.00
2768.00
2777.00
2786.00
2782.00
2781.00
2785.00
2780.00
2771.00
2760.00
2773.00
2767.00
2773.00
2767.00
2774.00
2762.50
2756.00
3138.00
3112.00
3100.00
3075.00
3075.00
3072.00
3069.00
3011.00
3155.00
3153.00
3155.00
3147.00
3146.00
3135.00
2992.00
950.00
947.00
951.00
555.00
552.00
551.00
555.00
557.00
553.00
588.00
576.00
571.00
577.00
574.00
577.00
573.00
571.00
569.00
573.00
573.00
570.00
580.00
575.00
566.00
572.00
572.00
572.00
571.00
569.00
568.00
568.00
567.00
563.00
564.00
566.00
568.00
561.00
565.00
565.00
562.00
563.00
564.00
564.00
568.00
566.00
566.00
563.00
562.00
555.00
559.00
563.00
558.50
566.00
554.00
563.00
557.00
559.00
557.00
559.00
553.00
556.00
557.00
555.00
561.00
557.00
559.00
559.00
556.00
562.00
558.00
555.00
557.00
557.00
555.00
564.00
559.00
553.00
558.00
563.00
556.00
551.00
557.00
553.00
553.00
549.00
551.00
554.00
563.00
598.00
598.00
604.00
601.00
594.50
600.00
594.00
596.00
598.00
605.00
594.00
593.00
597.00
595.00
584.00
582.00
576.00
576.00
574.50
571.00
572.00
574.00
565.00
314.00
308.00
310.00
302.00
301.00
302.00
300.50
298.00
302.00
297.00
301.00
304.00
299.00
298.00
299.00
303.00
298.00
302.00
308.00
300.00
302.00
304.00
302.50
305.00
303.00
303.00
304.00
303.00
299.00
305.00
302.00
302.00
302.00
305.00
300.00
305.00
299.00
298.00
304.00
299.00
300.00
303.00
302.00
304.00
295.00
296.00
298.00
292.00
295.00
293.00
294.00
293.00
293.00
295.00
292.00
298.00
291.50
290.00
290.00
290.00
294.00
294.00
293.00
298.00
290.00
295.00
294.00
290.00
291.00
290.00
290.00
290.00
298.00
307.00
305.00
302.00
308.00
310.00
304.00
305.00
307.00
297.00
300.00
308.00
301.00
297.00
301.00
305.00
307.00
312.00
301.00
305.00
303.00
304.00
306.00
297.00
307.00
301.00
302.50
302.00
306.00
306.00
300.00
309.00
302.00
306.00
308.00
295.00
294.50
294.00
295.00
291.00
294.00
293.50
291.00
288.50
293.00
292.00
290.00
294.00
300.00
297.00
298.00
300.00
300.00
300.50
664.00
657.00
634.00
630.00
616.00
616.00
609.00
610.00
603.00
602.00
604.00
593.00
594.00
594.00
589.00
590.00
584.00
588.00
586.00
589.00
587.00
593.00
583.00
582.50
587.00
585.00
585.00
581.00
587.00
584.00
574.50
581.00
578.00
579.00
586.00
576.00
576.00
573.00
571.00
578.00
572.00
580.00
579.00
577.00
579.00
572.00
574.00
576.00
581.50
578.00
584.00
584.00
585.00
585.00
584.00
587.00
576.00
575.00
579.00
571.00
579.00
577.00
583.00
569.00
578.00
575.00
575.00
563.00
2515.00
2935.00
3093.00
3054.00
2992.00
2966.00
2961.00
2972.00
3013.00
3026.00
3047.00
3048.50
3060.00
3067.00
3067.00
3076.00
3077.00
3084.00
3092.00
3096.00
3086.00
3094.00
3082.00
3086.00
3092.00
3080.00
3079.00
3082.00
3078.00
3076.00
3083.00
3072.00
2931.00
2930.00
2929.00
2930.00
2932.00
2917.00
2926.00
2928.00
2925.00
2933.00
2928.00
2926.00
2927.00
2931.00
2929.00
2941.00
2934.50
2930.00
2924.00
2927.00
2925.00
2649.00
2638.00
2642.50
2634.00
2634.00
2639.00
2637.00
2633.00
2633.00
2629.00
2628.00
2641.00
2637.00
2639.00
2632.00
2634.00
2636.00
2631.00
2637.00
2635.50
2642.00
2637.00
2641.00
2646.00
2638.00
2644.00
2639.00
2632.00
2623.00
2617.00
2618.00
2618.00
2615.00
2621.00
2619.00
2612.00
2617.00
2615.00
2610.00
2617.00
2614.00
2617.00
2614.00
2614.00
2615.00
2612.00
2613.00
2614.00
2607.00
2609.00
2607.00
2605.00
2609.00
2609.00
2604.00
2658.00
2798.00
2793.00
2793.00
2808.00
2661.00
2662.00
2656.00
2658.00
2658.00
2654.00
2617.00
2607.00
2606.00
2613.00
2619.00
2762.00
2763.00
2757.00
2760.00
2605.00
603.00
758.00
754.00
249.00
243.00
250.00
237.00
183.00
188.50
185.00
189.00
188.00
192.00
196.00
197.00
194.00
198.00
195.00
197.00
188.00
185.00
184.00
185.00
187.00
191.00
188.00
186.00
182.00
181.00
182.00
180.00
179.00
184.00
558.00
548.00
525.00
513.00
508.00
503.00
499.00
494.00
484.00
490.00
482.00
481.00
481.00
478.00
477.00
477.00
478.00
476.00
479.00
499.00
487.00
486.00
481.00
489.00
477.00
476.00
486.50
477.00
483.00
467.00
474.00
480.00
481.00
472.00
474.00
479.00
482.00
473.00
472.00
476.00
470.00
469.00
463.50
465.00
465.00
459.00
463.00
455.00
459.00
453.00
456.00
457.00
454.00
452.00
448.00
444.00
447.00
447.00
455.00
447.00
444.00
444.00
439.00
441.00
445.00
446.00
456.00
451.00
435.00
440.00
449.00
442.00
442.00
449.00
441.00
442.00
442.00
442.00
441.00
437.00
441.00
440.00
439.00
436.00
441.00
439.00
440.00
439.00
440.00
437.00
443.00
435.00
441.50
436.00
437.00
444.00
438.00
434.00
428.00
433.00
420.00
413.00
414.00
417.00
413.00
420.00
422.00
414.00
413.00
410.00
415.00
409.50
414.00
415.00
410.00
410.00
413.00
406.00
411.00
409.00
408.00
153.00
152.00
150.00
153.00
151.00
154.00
153.00
152.00
151.00
153.00
151.00
150.00
153.00
157.00
153.00
153.00
159.00
149.00
168.00
152.00
150.50
153.00
152.00
153.00
153.00
153.00
150.00
155.00
151.00
154.00
154.00
153.00
152.00
153.00
151.00
154.00
153.00
150.00
150.00
155.00
150.00
151.00
152.00
151.00
148.00
150.00
151.00
149.00
150.00
151.00
151.00
150.00
154.00
149.00
151.00
154.00
150.00
147.50
150.00
151.00
147.00
148.00
148.00
153.00
149.00
160.00
160.00
161.00
160.00
163.00
157.00
157.00
161.00
164.00
163.00
161.00
161.00
173.00
161.00
156.00
164.50
165.00
163.00
160.00
160.50
152.00
159.00
158.00
159.00
159.00
151.00
159.00
158.00
164.00
161.00
153.00
158.00
170.00
187.00
165.00
161.00
166.00
167.00
171.00
172.00
181.00
162.00
161.00
164.00
162.00
162.00
156.00
156.00
157.00
155.00
157.00
156.00
166.00
160.00
154.00
154.00
150.00
153.00
149.00
148.00
152.00
149.00
150.00
151.00
523.00
512.00
497.00
484.00
477.00
460.00
470.00
466.00
464.00
461.00
455.00
459.00
460.00
458.00
455.50
451.00
458.00
444.00
448.00
454.00
453.00
449.00
449.00
450.00
443.00
447.00
447.00
445.00
450.00
445.00
443.00
449.00
452.00
445.00
447.00
439.00
439.00
442.00
443.00
444.00
448.00
447.00
439.00
441.00
435.00
439.00
440.00
439.00
446.00
443.00
439.00
440.00
446.00
438.00
442.00
436.00
440.00
440.00
436.50
437.00
439.00
436.00
440.00
431.00
439.00
435.00
434.00
432.00
432.00
439.00
432.00
434.00
434.00
429.00
451.00
433.00
436.00
434.00
434.00
435.00
434.00
435.00
436.00
433.00
435.00
430.00
433.00
434.50
431.00
432.00
439.00
433.00
428.00
430.00
432.00
429.00
435.00
431.00
431.00
431.00
432.00
428.00
442.00
437.00
424.00
436.00
434.00
429.00
425.00
422.00
414.00
417.00
416.00
414.00
402.00
409.00
413.00
413.00
407.00
147.00
148.50
149.00
152.00
150.00
149.00
152.00
150.00
147.00
146.00
147.50
147.00
149.00
153.00
149.00
147.00
153.00
147.00
148.00
150.00
150.00
150.00
151.00
149.00
147.00
149.00
151.00
147.00
152.00
149.50
147.00
148.00
147.00
148.00
148.00
161.00
147.00
147.00
147.00
152.00
148.00
149.00
153.00
152.00
148.00
150.00
148.00
147.00
157.00
158.00
168.00
167.00
180.00
180.00
177.00
174.00
173.00
172.00
175.00
181.00
165.00
177.00
169.00
171.00
170.00
170.00
165.00
169.00
168.00
161.00
160.00
159.00
161.00
162.00
161.00
157.00
158.50
160.00
157.00
163.00
156.00
159.00
161.00
162.00
159.00
158.00
154.00
152.00
147.00
149.00
147.00
151.00
151.00
155.50
150.00
157.00
151.00
147.00
152.00
150.00
150.00
147.00
148.00
148.00
146.00
150.00
148.00
149.00
148.00
147.00
148.00
151.00
148.00
149.00
152.00
150.00
149.00
149.00
152.00
147.00
154.00
154.00
149.00
149.00
149.00
507.00
506.00
493.00
484.00
469.00
463.00
461.00
462.00
463.00
459.00
455.00
456.00
452.00
456.00
454.00
461.50
462.00
452.00
455.00
450.00
454.00
451.00
446.00
450.00
446.00
454.00
452.00
448.00
440.00
450.00
448.00
448.00
444.00
442.00
443.00
443.00
441.00
443.00
444.00
437.00
439.00
442.00
442.00
444.00
437.00
441.00
444.00
442.00
440.00
442.00
437.00
436.00
437.00
435.00
436.00
449.00
438.00
436.00
435.00
433.00
434.50
437.00
432.00
437.00
434.00
432.00
439.00
437.00
448.00
434.00
430.00
438.00
439.00
437.00
432.00
433.00
431.00
434.00
438.00
441.00
439.00
431.00
438.00
433.00
431.00
430.00
437.00
430.00
431.00
429.00
432.00
430.00
433.00
429.00
431.00
436.00
425.00
430.00
431.00
429.00
431.00
432.00
427.00
426.00
431.00
430.00
430.00
431.00
429.00
432.00
431.00
427.00
148.00
148.00
150.00
153.00
153.00
147.00
149.00
147.00
149.00
149.00
165.00
155.00
162.00
163.00
162.00
163.00
174.00
166.00
163.00
165.00
161.00
162.00
159.00
169.00
157.00
157.00
157.00
156.00
153.00
159.00
157.00
156.00
155.00
2002.00
2568.00
2580.00
2517.00
2479.00
2445.00
2421.00
2435.50
2478.00
2507.00
2526.00
2538.00
2551.00
2560.00
2563.00
2558.00
2580.00
2581.00
2582.00
2595.00
2599.00
2601.00
2604.00
2597.00
2594.00
2589.00
2602.00
2591.00
2594.00
2592.00
2587.00
2587.00
2585.00
2581.00
2579.00
2585.50
2584.00
2590.00
2584.00
2579.00
2587.00
2581.00
2583.00
2588.00
2581.00
2582.00
2580.00
2584.00
2579.00
2573.00
2582.00
2573.00
2574.00
2573.00
2570.00
2564.00
2568.00
2569.00
2561.00
2564.00
2562.00
2712.00
2708.50
2713.00
2558.00
2562.00
2550.00
2551.00
2545.50
2559.00
2540.00
2548.00
2548.00
2547.00
2541.00
2547.00
2547.00
2546.00
2542.00
2537.00
2546.00
2539.00
2545.00
2542.00
2533.00
2540.00
2537.00
2535.00
2536.00
2537.50
2538.00
2889.00
2885.00
2869.00
2864.00
2846.00
2852.00
2846.00
2844.00
2847.50
2841.00
2839.00
2840.00
2826.00
2827.00
2832.00
2834.00
2816.00
2831.00
2813.50
2821.50
2816.00
2821.00
2820.00
2812.00
2831.00
2825.00
2832.00
2822.00
2836.00
2831.00
2823.00
2821.00
2823.00
2827.00
2819.00
2825.00
2823.50
2822.00
2824.00
2823.00
2822.00
2817.00
2815.00
2808.50
2818.00
2814.00
2824.00
2814.00
2822.00
2815.00
2817.00
2823.00
2817.00
2818.00
2812.00
2818.00
2813.00
2810.00
2812.00
2810.00
2817.00
2814.00
2806.00
2808.00
2810.00
2807.00
2805.00
2803.00
2806.00
2807.00
2805.00
2806.00
2807.00
2804.00
2810.00
2803.00
2803.00
2805.00
2810.00
2806.00
2797.00
2805.00
2801.00
2803.00
2807.00
2807.00
2812.00
2813.00
2813.00
2807.00
2809.00
2816.00
2824.00
2814.00
2821.00
2816.00
2808.00
2810.00
2800.00
2792.00
2787.00
2780.00
2786.00
2778.00
2785.00
2777.00
2778.00
2769.00
2779.00
2779.00
2783.00
2770.00
2772.00
2512.00
2512.50
2523.00
2516.00
2517.00
2518.00
2516.00
2515.00
2513.00
2515.00
2513.00
2510.00
2514.00
2515.00
2514.00
2518.00
2513.00
2516.00
2512.00
2511.00
2516.00
2507.00
2513.50
2512.00
2509.00
2510.00
2510.00
2507.00
2511.00
2510.00
2505.00
2509.00
2502.00
2502.00
2502.00
2497.00
2505.00
2499.00
2505.00
2505.00
2507.00
2500.00
2499.00
2505.00
2515.00
2516.00
2517.00
2517.00
2510.00
2511.00
2513.00
2514.00
2514.00
2512.00
2514.00
2510.00
2512.00
2516.00
2516.00
2515.00
2506.00
2511.00
2516.00
2521.00
2513.00
2523.00
2505.00
2512.00
2512.00
2514.00
2517.00
2519.00
2512.00
2511.00
2511.00
2517.00
2520.00
2514.00
2524.00
2516.00
2502.00
2503.00
2508.00
2522.00
2511.00
2505.00
2512.00
2503.00
2501.00
2508.00
2500.00
2500.00
2504.00
2500.00
2506.00
2497.00
2513.00
2503.00
2507.00
2512.00
2512.00
2504.00
2507.00
2516.50
2510.00
2505.00
2510.00
2511.00
2497.50
2506.00
2505.50
2510.00
2505.00
2511.00
2516.00
2512.00
2508.00
2505.00
2507.00
2503.00
2511.00
2506.50
2501.00
2511.00
2511.50
2500.00
2501.00
2496.00
2499.00
2499.00
2501.00
2505.00
2495.00
2498.00
2492.00
2491.00
2847.00
2844.00
2822.00
2813.00
2808.00
2798.00
2800.00
877.00
868.00
869.00
456.00
460.00
446.00
456.00
451.00
449.00
451.00
450.00
451.00
453.00
447.00
446.00
447.50
440.00
447.00
442.00
446.00
444.00
442.00
447.00
439.00
436.00
438.00
456.00
454.00
452.00
454.00
459.00
458.00
463.00
464.00
459.00
459.00
454.00
451.00
451.00
451.00
445.00
450.00
444.00
449.00
445.00
442.00
452.00
2806.00
2828.00
2803.00
2768.00
2729.00
2716.00
2702.00
2700.00
2729.00
2752.00
2773.00
2786.00
2787.00
2787.00
2780.00
2785.00
2764.00
2759.00
2763.00
2764.00
2767.00
2767.00
2769.00
2760.00
2762.00
2765.00
2754.00
2752.00
2748.00
2749.00
2748.00
2745.00
2750.00
2740.00
2737.00
2741.00
2746.00
2741.00
2752.00
2739.00
2744.50
2737.00
2744.00
2496.00
2483.00
2492.00
2486.00
2486.00
2479.00
2487.00
2480.00
2479.00
2476.00
2469.00
2474.00
561.00
561.00
562.50
150.00
147.00
146.00
147.00
154.00
148.00
148.00
148.00
148.00
149.50
148.00
155.00
152.00
151.00
150.00
149.00
149.00
147.00
149.00
149.00
147.00
155.00
148.00
148.00
148.00
148.00
148.00
146.00
147.00
147.00
154.00
161.00
161.00
169.00
163.00
164.00
158.00
164.00
160.00
159.00
165.00
161.00
161.00
159.00
159.00
161.00
162.00
160.00
160.00
158.00
158.00
157.00
159.00
161.00
165.00
155.00
160.00
163.00
2522.00
2535.00
2511.00
2469.00
2450.00
2428.00
2410.00
2422.00
2446.00
2470.00
2481.00
2500.00
2503.00
2515.00
2507.00
2514.00
2502.00
566.00
563.00
566.50
565.00
147.00
147.00
151.00
148.00
150.00
149.00
150.00
158.00
147.00
149.50
151.00
149.00
150.00
148.00
153.00
151.00
152.00
146.00
147.00
150.00
147.00
148.00
154.00
146.50
148.00
147.00
147.00
151.00
148.00
149.00
149.00
148.00
150.00
149.00
151.00
155.00
148.00
151.00
150.00
149.00
151.00
160.00
165.00
165.00
164.00
162.00
163.00
164.00
533.00
521.00
505.00
495.00
493.00
483.00
490.00
479.00
476.00
466.00
467.00
462.00
467.50
467.00
462.00
461.00
464.00
462.00
456.00
462.00
455.00
456.00
450.00
452.00
453.00
444.00
449.00
445.00
448.00
447.00
447.00
446.00
444.00
440.00
444.00
442.00
444.00
448.00
441.00
445.00
447.00
443.00
435.00
437.00
444.00
435.00
437.00
440.00
437.00
435.00
438.00
435.00
440.00
433.00
433.00
427.00
431.00
431.00
588.00
584.00
583.00
591.00
584.00
589.00
672.00
705.00
712.00
727.00
717.00
710.00
704.00
703.00
710.00
701.00
705.00
705.00
689.00
698.00
695.00
702.00
689.00
697.00
582.00
584.00
575.00
575.00
585.00
575.00
576.00
579.00
573.00
576.00
573.00
578.00
328.00
321.00
322.00
324.00
332.00
322.00
318.00
317.00
315.00
316.00
316.50
315.00
327.00
321.00
280.00
282.00
275.00
281.00
280.00
279.00
281.50
279.00
282.00
271.00
277.00
278.00
276.00
278.00
275.00
434.00
430.00
433.00
428.00
438.00
427.50
430.00
432.00
426.00
429.00
422.00
420.00
423.00
279.00
278.00
280.00
277.00
278.00
277.00
269.00
272.00
271.00
267.00
272.00
272.00
272.00
288.00
1089.00
407.00
319.00
270.00
269.00
281.00
263.00
261.00
265.00
268.00
276.00
276.00
274.00
262.00
263.00
419.00
420.00
667.00
426.00
422.00
410.00
413.00
655.00
409.00
482.00
490.00
485.00
493.00
331.00
339.00
336.00
330.00
341.00
333.00
335.00
338.00
332.00
328.50
713.00
707.00
704.00
678.00
663.00
658.00
672.00
656.00
652.00
651.50
643.00
647.00
647.00
639.00
642.00
654.00
631.00
639.00
642.00
636.00
635.00
632.00
633.00
631.00
625.00
633.00
636.50
642.00
630.00
623.00
632.00
623.00
620.00
623.00
619.00
622.00
630.00
642.00
638.00
629.00
636.00
617.00
630.00
612.00
614.00
622.00
621.00
619.00
618.00
609.00
626.50
605.00
609.00
618.00
606.00
599.00
596.00
601.00
606.00
604.00
619.50
609.00
620.00
622.00
643.00
611.00
599.00
596.00
615.00
614.00
601.00
611.00
605.00
608.00
591.00
604.00
598.00
605.00
604.50
596.00
601.00
608.00
597.00
602.00
600.00
589.00
589.00
583.00
662.00
728.00
730.00
729.00
728.00
728.00
722.00
724.00
724.00
720.00
719.00
721.00
716.00
715.00
718.00
719.00
721.00
717.00
433.00
435.00
433.00
432.00
432.00
436.00
437.00
433.00
433.00
433.00
431.00
433.00
433.00
433.00
436.00
429.00
430.50
429.00
429.00
536.00
535.00
432.00
432.00
511.00
513.50
509.00
511.00
515.00
510.00
511.00
509.00
509.00
511.00
510.00
510.00
510.00
507.00
556.00
549.00
508.00
509.00
507.00
546.00
548.00
314.00
314.00
312.00
312.00
379.00
273.00
283.00
284.00
288.00
282.50
282.00
284.00
284.00
284.00
301.00
283.00
288.00
249.00
187.00
188.00
143.00
139.00
139.00
141.00
139.00
139.00
143.00
138.00
138.00
137.00
140.00
137.00
139.00
157.00
153.00
156.00
161.00
159.00
159.00
160.00
161.00
166.00
160.00
161.00
163.00
166.00
162.00
161.00
158.00
165.00
162.00
162.00
161.00
160.00
155.00
156.00
163.00
153.00
161.00
158.00
153.00
158.00
159.00
544.00
520.00
499.00
493.00
482.00
468.00
468.00
462.00
459.50
458.00
464.00
455.00
454.00
454.00
454.00
448.00
448.00
442.00
451.50
445.00
451.00
450.00
443.00
444.00
442.00
440.00
440.00
437.00
444.00
435.00
440.00
436.00
437.00
441.00
437.00
434.00
438.00
434.00
430.00
438.00
434.00
431.00
428.50
428.00
438.00
428.00
434.00
431.00
429.00
430.00
434.00
426.00
428.00
429.00
429.00
429.00
425.00
430.00
429.00
429.00
429.00
427.00
429.00
422.00
427.00
420.00
427.00
421.50
420.00
421.00
424.00
425.00
421.00
425.00
424.00
425.00
421.00
426.00
423.00
426.00
427.00
426.00
422.00
425.00
417.00
424.00
422.00
407.00
419.00
404.00
407.00
404.50
402.00
399.00
399.00
396.00
406.00
395.00
393.00
398.00
398.00
394.00
394.00
395.00
398.00
396.00
400.00
393.00
392.00
391.00
387.00
139.00
137.00
140.00
141.00
139.00
142.00
139.00
141.50
141.00
140.00
140.00
137.00
138.00
138.00
137.00
141.00
138.00
137.00
140.00
139.00
140.00
138.00
139.00
138.00
137.00
143.00
137.00
138.00
140.00
140.00
139.00
139.00
140.00
141.00
139.00
140.00
138.00
138.00
138.00
138.00
137.00
139.00
140.00
140.00
137.00
138.00
137.00
138.00
138.00
138.00
139.00
138.00
143.00
139.00
140.00
139.00
143.00
139.00
140.50
138.00
136.00
139.00
140.00
137.00
136.00
138.00
138.00
137.00
137.00
138.00
138.00
138.00
137.00
137.00
137.00
146.00
137.00
136.00
137.50
138.00
142.00
140.00
138.00
138.00
138.00
142.00
139.00
141.00
140.50
139.00
138.00
138.00
139.00
150.00
152.00
151.00
148.50
150.00
147.00
149.00
151.00
151.00
149.00
148.00
153.00
152.00
152.00
152.00
153.00
153.00
147.00
150.00
151.00
151.00
142.00
151.00
155.00
152.00
146.00
152.00
149.00
153.00
149.00
145.00
152.00
150.00
146.00
141.00
148.00
138.00
139.00
144.00
142.00
143.00
502.00
493.00
477.00
467.00
464.00
456.00
454.50
456.00
452.00
451.00
449.00
446.00
450.00
446.00
443.00
450.00
440.00
446.00
443.00
438.00
442.00
439.00
438.00
434.00
443.00
440.00
440.00
439.00
431.00
434.00
441.00
434.00
433.00
435.00
440.00
433.00
431.00
434.00
430.00
431.00
434.00
430.00
432.00
138.00
136.00
134.00
135.00
135.00
135.00
137.00
135.00
134.00
134.00
136.00
134.00
138.00
134.00
134.00
135.00
133.00
136.00
134.00
136.00
132.00
136.50
141.00
134.00
134.00
142.00
136.00
138.00
138.00
153.00
137.00
134.00
134.00
134.00
136.00
137.00
134.00
134.00
136.00
147.00
134.00
134.00
135.00
136.00
138.00
136.00
136.00
136.00
134.00
135.00
133.00
134.00
138.00
137.00
136.00
137.00
136.00
139.00
135.50
137.00
137.00
136.00
139.00
134.00
137.00
137.00
134.00
133.00
135.00
135.00
134.00
134.00
134.00
136.00
136.00
137.00
134.00
136.00
135.00
136.00
134.00
136.00
136.50
135.00
134.00
135.00
134.00
136.00
134.00
134.00
133.00
134.00
135.00
137.00
135.00
135.00
136.00
134.00
135.00
134.50
135.00
136.00
135.00
135.00
135.00
136.00
135.00
135.00
140.00
134.00
136.00
136.00
137.00
135.00
138.00
133.00
134.00
134.00
134.00
136.00
134.00
138.00
496.00
493.00
474.00
465.00
460.00
456.00
460.00
446.00
449.00
447.00
449.00
440.00
438.00
455.00
443.00
444.00
443.00
440.00
441.00
439.00
433.00
434.00
434.00
435.00
428.00
434.00
431.00
433.00
435.50
434.00
444.00
428.00
430.00
431.00
427.00
428.00
431.00
427.00
427.00
430.50
428.00
429.00
433.00
442.00
431.00
434.00
442.00
442.00
438.00
442.00
434.00
437.00
432.00
444.00
433.00
437.00
438.50
434.00
433.00
439.00
433.00
438.00
435.00
439.00
438.00
439.00
434.00
436.00
422.00
432.00
429.00
430.00
427.00
435.00
435.00
426.00
430.00
416.00
418.00
422.00
420.00
416.00
421.00
424.00
415.00
416.00
421.00
415.00
419.00
419.00
415.50
421.00
419.00
417.00
418.00
417.00
417.00
418.00
415.00
421.00
416.00
416.00
415.00
418.00
414.00
419.00
415.00
415.00
420.00
410.00
135.00
136.50
137.00
134.00
134.00
140.00
136.00
137.00
135.00
138.00
134.00
135.50
141.00
136.00
136.00
138.00
137.00
135.00
134.00
143.00
135.00
134.00
134.00
137.00
133.00
137.50
138.00
134.00
135.00
138.00
135.00
134.00
137.00
137.00
136.00
138.00
136.00
134.00
138.00
135.00
135.00
135.00
141.00
134.00
136.50
135.00
139.00
135.00
134.00
133.00
134.00
134.00
134.00
134.00
133.00
134.00
133.00
136.00
134.00
135.00
137.00
139.00
136.00
291.00
290.00
292.00
290.00
291.00
287.00
288.00
290.00
293.00
288.00
288.00
287.00
288.00
287.00
288.00
292.00
288.00
286.00
292.00
286.50
287.00
289.00
289.00
285.00
285.00
290.00
286.00
287.00
290.00
286.00
287.00
288.00
288.00
287.00
288.00
288.00
287.00
286.00
296.00
287.00
287.00
287.00
287.00
286.00
287.00
287.00
286.00
287.50
288.00
287.00
290.00
289.00
287.00
290.00
287.00
289.00
289.00
288.00
293.00
287.00
287.00
287.00
373.00
372.00
705.00
736.00
716.00
703.00
704.00
693.00
687.00
688.00
685.00
684.00
678.00
686.00
680.00
682.00
679.50
673.00
675.00
674.00
688.00
678.00
677.00
678.00
668.00
673.00
669.00
668.00
665.00
666.00
669.00
668.00
663.00
671.00
659.00
667.00
675.00
661.00
664.00
662.00
669.00
671.00
678.00
719.50
716.00
703.00
704.00
707.00
714.00
710.00
706.00
720.00
724.00
719.00
721.00
725.00
721.00
701.00
711.00
700.00
703.50
719.00
700.00
713.00
707.00
716.00
730.00
741.00
716.00
744.00
734.50
706.00
739.00
721.00
720.00
722.00
484.00
486.00
494.00
496.00
491.00
486.50
503.00
486.00
474.00
496.00
480.00
627.00
626.00
623.00
631.00
617.00
626.50
621.00
616.00
615.50
471.00
474.00
473.00
474.00
490.00
475.00
474.00
471.00
465.00
473.50
465.00
474.00
466.00
478.00
474.00
477.00
471.00
464.00
470.00
477.00
464.00
466.00
464.00
478.00
480.00
475.00
470.00
472.00
470.00
470.00
467.00
466.00
191.00
215.00
212.00
184.00
189.00
184.00
194.00
189.00
190.00
199.00
187.00
188.00
193.00
192.00
190.00
202.00
191.00
192.00
198.00
199.00
209.00
197.00
190.00
191.00
203.00
201.00
204.00
205.00
196.00
206.00
211.00
213.00
212.00
199.00
216.00
207.00
203.00
208.00
208.00
201.00
200.00
212.00
208.00
201.00
201.00
192.00
341.00
343.00
349.00
343.00
340.00
350.00
340.00
340.00
337.00
336.00
335.00
333.00
347.00
336.00
336.00
336.00
333.00
337.50
342.00
333.00
335.00
339.00
335.00
334.00
331.00
339.00
340.00
337.00
330.00
339.00
338.00
341.50
344.00
343.00
343.00
347.00
345.00
346.00
351.00
353.00
349.00
349.50
326.00
332.00
331.00
320.00
329.00
327.00
325.00
565.00
318.00
563.00
331.00
330.00
331.00
342.00
343.00
336.00
330.00
715.00
709.00
693.00
676.00
660.00
659.00
655.00
642.00
645.00
652.00
641.00
639.00
644.00
635.00
637.00
635.00
635.00
634.00
637.00
485.00
474.00
481.00
483.00
476.00
476.00
487.00
481.50
497.00
499.00
504.00
498.00
500.00
498.00
498.00
499.00
504.00
495.00
495.00
495.00
507.00
506.00
517.00
626.00
439.00
438.00
442.00
442.00
435.00
441.00
437.00
435.00
439.00
442.00
439.50
440.00
436.00
435.00
434.00
431.00
432.00
430.00
426.00
429.00
433.00
426.00
429.00
427.00
428.00
431.00
434.00
425.00
424.00
424.00
421.00
424.00
419.00
419.00
415.00
422.00
423.00
414.00
416.00
416.00
414.00
409.00
413.00
416.00
417.00
418.00
414.00
413.00
411.00
411.00
414.00
413.00
426.00
410.00
412.00
420.00
406.00
413.00
418.00
416.00
418.00
411.00
413.00
414.00
411.00
414.00
417.00
410.00
409.00
409.00
411.00
410.00
415.00
412.00
406.00
412.00
411.00
406.00
413.00
407.00
404.00
408.00
413.00
406.00
409.00
417.00
408.00
406.00
415.00
406.00
413.00
412.00
404.00
124.00
126.00
126.00
127.00
128.00
125.00
125.00
125.00
125.00
128.00
126.00
125.00
125.00
125.50
125.00
128.00
128.00
127.00
127.00
128.00
125.00
127.00
127.00
124.00
124.50
131.00
126.00
124.00
130.00
125.00
126.00
128.00
126.00
125.00
123.50
125.00
125.00
127.00
130.00
127.00
125.00
125.00
127.00
124.00
128.00
132.00
127.00
126.00
130.50
127.00
127.00
124.00
127.00
125.00
126.00
131.00
125.00
125.00
129.00
125.00
124.00
127.00
125.00
126.00
127.00
126.00
127.00
125.00
130.50
126.00
126.00
127.00
127.00
126.00
127.00
130.00
127.00
129.00
126.00
125.00
127.00
124.00
124.00
124.00
125.00
129.00
125.00
125.00
127.00
124.00
124.00
125.00
124.00
124.00
125.00
130.00
130.00
138.00
137.00
138.00
137.00
136.00
134.00
135.00
138.00
135.00
133.00
135.00
140.00
135.00
135.00
138.00
134.00
135.00
133.00
130.00
135.00
515.00
491.00
476.00
457.00
467.00
458.00
458.50
451.00
446.00
447.00
444.00
440.00
429.00
437.00
435.00
433.00
435.00
436.00
433.00
437.00
444.00
446.00
442.00
441.00
442.00
436.00
438.00
440.00
445.00
436.00
437.00
440.00
430.00
438.50
435.00
439.00
435.00
435.00
429.00
432.00
442.00
437.00
432.00
428.00
432.00
429.00
432.00
425.00
426.00
427.00
428.50
423.00
420.00
416.00
418.00
421.00
416.00
419.00
415.00
421.00
420.00
415.00
413.00
425.00
412.00
418.00
415.00
416.00
412.00
414.00
415.50
413.00
413.00
409.00
411.00
414.00
410.00
415.00
413.00
411.00
410.00
415.00
409.00
410.00
412.00
413.00
411.00
413.00
409.00
410.00
413.00
411.00
410.00
409.00
409.00
408.00
411.00
408.00
410.00
407.00
409.00
406.00
405.00
410.00
405.00
405.00
406.00
407.00
405.00
405.00
398.00
393.00
397.00
396.00
390.00
388.00
396.00
388.00
383.00
381.00
386.00
389.00
389.50
387.00
388.00
382.00
380.00
377.00
127.00
127.00
128.00
124.00
126.00
125.00
125.00
126.00
123.50
128.00
127.00
125.00
133.00
128.00
126.00
133.00
127.00
127.00
132.00
131.00
128.00
127.00
132.00
124.00
124.00
130.50
125.00
126.00
129.00
124.00
125.00
124.00
127.00
126.00
124.00
131.00
127.00
126.00
128.00
130.00
124.00
126.00
128.00
128.00
126.00
127.00
124.00
127.00
124.00
127.00
126.00
125.00
128.00
125.00
127.00
127.00
124.00
128.00
128.00
125.00
126.00
127.00
127.00
126.00
126.00
127.00
129.00
126.00
129.00
125.00
125.00
128.00
124.00
123.00
124.00
127.00
126.00
126.00
126.00
126.50
123.50
125.00
125.00
126.00
124.00
128.00
126.00
124.00
132.00
127.00
127.00
129.00
128.00
126.00
125.00
127.00
130.00
127.00
128.00
125.00
125.00
125.00
124.00
124.00
127.00
125.00
125.00
126.00
124.00
125.00
126.00
127.00
133.00
134.00
136.00
135.00
132.00
137.00
138.00
136.00
135.00
137.00
141.00
148.00
145.00
144.00
518.00
504.00
499.00
479.00
476.00
466.50
460.00
459.00
458.50
462.00
451.00
451.00
454.00
444.00
448.00
451.00
449.00
440.00
444.00
440.00
437.00
444.00
443.00
441.00
444.00
433.00
441.00
434.00
436.00
433.00
427.00
426.00
426.00
424.00
428.00
426.00
426.50
422.00
427.00
428.00
423.00
421.00
422.00
426.00
421.00
430.00
422.00
417.00
417.00
419.00
417.00
417.00
415.00
415.00
415.00
421.00
413.00
415.00
420.00
413.00
413.00
408.00
416.00
420.00
412.00
420.00
414.00
415.00
415.00
416.00
418.00
418.00
418.00
416.00
419.50
413.00
411.00
411.00
415.00
414.00
413.00
411.00
412.00
405.00
413.00
414.00
409.00
411.00
414.00
410.00
410.00
408.00
412.00
409.00
414.00
412.00
411.00
411.00
408.00
407.00
408.00
407.00
410.00
410.00
410.00
407.00
412.00
405.00
407.00
407.00
406.00
397.00
397.00
397.50
391.00
396.00
391.00
387.00
390.00
