103.50
103.50
168.00
238.50
238.50
247.50
237.50
233.00
229.50
225.50
223.50
218.50
222.50
222.50
220.50
225.50
218.00
223.50
222.50
222.50
222.00
235.00
226.50
226.50
224.50
227.50
225.50
225.50
225.00
226.50
226.50
223.50
225.00
224.50
224.00
225.50
222.50
223.50
224.50
223.50
223.00
225.00
223.50
222.50
166.00
110.50
107.50
108.50
109.50
111.50
112.50
110.50
109.50
109.50
105.00
104.50
104.50
102.50
104.50
105.00
102.50
103.50
104.50
104.50
110.50
105.50
103.50
104.50
105.50
104.50
110.50
105.00
105.50
103.50
102.50
106.00
103.50
102.00
102.50
104.50
110.50
110.50
109.50
109.00
112.00
110.50
109.50
111.50
110.50
108.50
111.50
108.50
109.00
113.50
108.00
113.00
103.50
110.00
107.50
110.50
111.00
109.00
111.50
105.50
110.50
102.50
104.50
105.50
101.50
103.50
100.00
110.00
107.50
106.50
106.50
99.50
107.50
105.50
105.50
104.50
104.50
103.00
103.50
105.50
105.00
103.50
105.00
104.50
236.50
240.00
244.50
238.50
235.50
233.50
228.00
228.50
228.50
228.00
226.50
226.50
227.50
227.00
226.50
225.50
227.00
226.50
228.00
226.00
226.50
226.50
228.50
227.00
226.00
219.50
224.50
222.50
222.50
219.50
218.50
221.50
216.50
223.50
227.50
220.50
220.00
220.50
218.50
222.00
218.00
221.00
103.50
112.50
106.50
104.50
104.00
108.50
103.00
104.00
110.00
106.50
112.50
111.00
111.50
111.50
108.00
107.50
108.50
114.00
111.50
113.50
110.00
110.50
104.50
108.50
113.50
110.50
109.50
110.00
107.50
108.50
109.00
107.00
108.50
103.00
113.00
108.50
109.00
110.00
110.50
109.50
110.50
109.50
109.50
110.00
108.50
109.50
110.00
109.50
110.50
109.50
107.50
110.50
110.50
107.50
112.50
108.50
108.00
108.50
108.50
109.50
108.50
108.50
108.50
109.50
109.50
108.00
109.00
110.50
108.50
108.50
108.50
109.50
108.50
107.50
107.50
107.50
108.50
106.50
109.00
112.50
108.50
104.50
103.50
236.00
237.50
235.50
232.50
228.00
227.50
224.00
223.00
219.50
219.50
221.00
220.00
217.50
219.00
221.50
219.50
220.00
218.50
219.50
218.50
218.50
219.00
219.00
215.00
217.50
226.50
220.00
222.50
221.50
219.50
222.50
224.50
224.50
222.50
223.50
220.50
235.00
221.50
223.00
225.50
110.50
106.50
107.50
106.50
108.00
108.50
107.50
107.00
101.50
101.50
102.00
102.50
102.00
102.50
103.00
100.50
101.50
104.50
102.50
100.00
102.00
100.50
103.50
102.50
99.00
103.00
103.50
102.50
104.00
101.50
100.50
102.50
102.50
102.50
112.50
108.00
106.50
107.50
107.00
109.50
106.50
107.50
108.50
108.50
107.50
106.00
107.50
103.50
108.50
109.50
112.50
106.50
108.50
103.50
105.50
108.50
109.00
108.00
100.50
102.50
102.50
102.50
101.50
103.00
103.50
102.50
103.00
102.50
103.50
103.50
101.50
102.50
102.50
102.00
103.00
101.50
102.50
103.00
102.50
102.50
101.50
101.50
106.50
109.00
103.50
109.50
236.00
241.50
238.00
236.50
231.50
234.50
226.50
233.00
226.00
223.50
219.50
224.50
227.00
225.00
220.50
223.50
223.00
224.50
224.50
226.50
223.00
222.00
218.50
224.50
223.50
220.50
226.00
230.50
221.50
223.00
224.50
228.50
221.50
222.00
223.50
221.50
224.50
219.50
222.00
230.50
222.50
108.50
108.00
109.50
108.50
108.50
105.00
108.50
108.50
109.00
109.00
107.50
113.50
107.50
106.50
107.50
103.00
108.50
104.50
105.50
117.50
106.50
106.50
107.00
107.00
107.50
107.00
107.50
106.50
107.00
113.00
106.50
101.00
101.50
107.50
100.50
104.00
102.50
102.00
105.00
103.50
96.50
107.00
101.50
103.50
102.50
101.50
102.50
100.50
103.50
102.00
102.50
100.50
102.50
101.50
102.50
101.50
105.00
112.00
105.00
108.50
108.50
107.00
108.50
108.50
108.00
107.50
107.50
108.50
103.50
106.00
108.50
110.50
106.50
106.50
109.50
112.50
111.00
107.50
108.50
108.50
101.50
106.00
103.50
104.50
101.50
102.50
235.50
236.50
235.50
230.50
225.50
226.00
223.50
220.50
222.50
221.50
223.50
220.50
218.50
219.00
220.50
219.50
221.50
219.50
220.50
220.50
227.50
223.00
224.50
226.50
223.00
222.50
223.50
224.50
221.50
223.50
224.50
224.50
223.50
221.50
223.50
221.50
220.50
223.50
228.00
221.50
111.50
104.50
109.50
107.50
112.50
100.50
102.50
101.50
102.50
101.50
102.50
107.00
100.50
96.50
102.00
101.50
102.50
102.50
99.50
102.50
102.50
101.50
102.50
101.50
104.00
100.50
102.50
97.00
102.50
101.50
110.50
105.50
108.00
107.50
107.50
106.50
107.00
108.00
109.00
104.50
106.00
111.50
105.50
106.50
106.50
108.50
106.50
104.50
108.50
108.50
109.50
111.50
104.50
103.50
114.00
108.50
108.50
107.50
107.50
107.50
108.50
107.00
108.50
108.50
108.00
107.00
107.50
107.00
108.50
107.50
120.50
109.00
107.50
108.50
102.50
105.50
108.50
96.00
117.50
107.50
113.50
109.50
107.50
108.50
104.00
106.50
107.50
242.00
242.00
238.50
235.00
231.50
230.50
228.50
227.50
227.50
226.50
227.00
224.00
225.50
223.00
223.50
220.50
220.00
220.00
219.50
218.50
219.50
219.00
218.00
220.50
216.50
219.00
217.50
216.50
218.50
216.50
219.50
215.50
217.00
214.00
216.50
217.50
217.00
216.50
217.50
217.00
217.50
213.50
116.00
113.50
107.50
108.50
106.50
106.50
107.50
106.00
105.50
107.50
107.00
106.50
105.50
107.50
112.00
110.00
106.50
95.50
95.00
101.00
102.50
99.00
105.00
103.50
101.50
101.50
101.50
100.50
101.00
101.00
103.50
100.50
103.00
102.00
100.50
103.00
111.50
106.00
107.50
107.50
106.50
107.00
106.50
107.50
108.50
106.00
107.50
106.50
107.00
106.50
108.50
108.50
107.50
105.50
107.50
106.00
107.50
106.50
108.00
106.50
102.50
102.00
101.00
102.50
102.50
103.00
100.50
101.50
103.00
103.50
101.50
102.00
101.00
101.50
101.50
101.00
221.50
236.50
236.00
230.50
230.50
228.00
223.50
222.00
220.50
222.50
223.50
219.50
223.00
223.50
215.50
225.00
223.50
224.50
221.50
225.50
220.50
224.50
222.50
220.50
222.50
225.50
224.00
223.50
225.00
222.50
223.50
220.50
222.00
223.50
222.50
220.00
221.00
221.50
220.50
221.50
106.50
107.50
101.50
110.50
102.50
105.00
106.50
107.50
110.00
107.50
119.50
108.50
107.50
106.50
107.00
106.50
106.50
105.50
106.50
106.50
107.00
107.50
106.50
106.50
105.50
104.50
108.50
107.50
105.50
110.00
108.50
104.50
106.50
112.50
110.00
108.50
107.50
105.50
108.50
106.50
109.50
103.50
103.50
111.50
101.00
102.50
100.50
101.00
102.00
103.50
106.50
101.50
107.50
101.50
103.00
106.50
100.50
102.50
102.50
101.50
101.50
103.00
102.50
102.50
102.00
104.50
103.50
102.00
107.50
107.50
108.00
107.50
106.50
107.50
108.00
108.00
107.50
106.00
107.50
107.50
107.50
111.00
107.00
105.50
106.50
111.00
106.50
105.50
103.50
108.00
240.50
237.50
233.50
234.00
227.00
226.00
223.50
224.50
221.50
221.50
219.00
221.50
232.50
221.50
220.50
218.50
218.00
221.50
218.50
219.50
219.50
213.00
217.50
220.50
217.00
219.50
217.50
218.00
226.50
222.50
221.50
220.50
221.50
221.50
220.50
221.50
220.50
223.00
220.50
219.50
222.00
106.50
105.50
107.00
106.50
109.50
107.00
107.50
107.50
106.50
106.00
102.50
102.50
101.50
102.00
101.50
102.00
101.50
102.50
101.50
103.00
103.50
101.50
102.00
106.50
103.00
110.50
101.50
101.50
103.00
96.00
102.00
101.50
101.50
100.00
101.50
102.00
111.00
107.50
113.50
107.00
107.50
107.00
107.50
108.50
107.50
106.50
106.50
108.50
108.00
107.50
108.00
107.00
105.50
107.50
107.50
106.50
106.50
109.50
107.00
101.50
99.50
108.00
106.50
109.50
103.00
106.50
108.50
108.50
108.00
107.00
107.50
108.00
106.00
107.50
105.50
103.50
116.50
109.50
108.00
113.50
109.50
104.50
106.50
105.50
107.50
98.50
110.50
107.00
105.50
239.50
240.50
239.50
247.50
232.50
227.50
228.50
226.50
224.50
223.50
226.50
226.50
225.00
225.50
222.50
224.00
223.00
222.50
224.50
224.50
220.50
218.00
218.50
219.50
216.50
219.00
217.50
218.50
218.50
220.50
214.50
220.50
216.50
218.50
221.50
221.00
221.50
216.00
216.50
100.00
100.50
95.50
90.50
101.00
100.00
111.50
106.50
107.50
108.00
107.50
107.50
107.50
107.50
107.50
107.00
107.50
106.50
105.50
107.00
107.50
108.50
107.50
107.50
106.50
106.50
112.50
107.50
107.50
106.50
107.50
102.50
104.50
101.50
99.00
101.50
100.00
101.50
100.00
107.00
101.50
100.50
98.50
102.50
102.50
103.50
100.00
102.50
101.00
101.50
101.50
102.50
104.00
102.00
103.50
100.00
102.50
108.50
111.00
107.00
106.50
107.50
106.00
108.50
108.50
104.50
107.50
106.50
107.50
108.00
107.50
108.50
107.00
106.50
106.50
107.50
105.00
108.50
107.50
108.50
107.50
104.50
104.50
98.50
100.50
103.50
104.00
102.50
103.50
102.00
102.00
101.50
232.50
235.50
235.00
231.50
228.00
225.50
224.00
222.00
221.00
220.50
221.50
221.50
218.50
220.50
225.50
225.50
225.00
224.50
226.50
223.00
225.00
224.50
222.50
224.00
224.50
224.50
222.50
222.50
222.50
223.50
222.50
222.00
221.50
222.50
221.50
222.50
220.50
218.00
217.50
220.50
107.50
107.50
106.00
107.00
105.50
105.50
106.50
106.50
106.00
105.50
109.50
107.00
107.50
107.50
109.50
116.50
107.00
108.00
105.50
108.00
107.50
106.00
106.00
108.00
107.50
108.00
108.00
107.50
108.50
107.50
104.50
106.50
106.50
103.50
103.00
103.50
108.50
110.50
103.50
107.50
106.50
103.50
107.50
113.00
107.50
111.00
109.00
103.00
101.50
103.50
102.50
103.00
103.50
101.50
103.50
103.50
101.50
101.00
101.50
99.00
102.50
91.50
106.50
101.50
159.50
218.00
218.50
217.00
233.50
232.50
235.50
238.00
264.50
334.50
337.50
342.00
345.50
346.50
345.50
344.00
495.00
493.00
492.00
491.00
491.00
489.00
487.00
487.00
483.50
483.00
482.00
483.00
609.00
614.00
613.00
609.50
603.00
597.00
596.00
596.00
594.00
600.50
598.50
600.50
599.50
591.50
593.00
592.00
593.00
593.00
594.00
592.50
592.50
592.00
593.00
592.00
592.00
592.00
591.50
593.00
592.00
592.00
592.00
599.00
596.00
596.00
598.00
596.00
596.00
597.00
596.00
597.50
597.00
597.00
481.50
481.00
482.00
301.50
300.50
301.50
299.50
300.50
301.00
300.50
300.00
297.00
294.50
294.50
295.50
295.50
295.50
295.00
294.50
296.50
294.50
277.50
277.50
278.00
303.00
304.00
303.50
303.00
302.50
302.50
301.00
301.50
303.00
300.50
300.50
300.50
301.50
301.00
309.00
307.50
307.00
307.50
307.50
307.00
306.50
307.50
305.50
307.00
306.50
306.50
306.00
305.50
306.50
307.00
305.50
305.50
304.50
305.00
305.50
306.50
306.50
305.50
300.50
312.50
305.50
307.00
306.50
306.50
306.50
303.50
304.50
303.50
304.00
304.00
303.50
305.50
305.00
304.50
314.50
305.00
307.50
305.50
305.50
306.50
305.50
305.50
307.00
306.50
465.00
465.00
465.00
466.00
464.00
594.50
600.00
596.00
594.50
590.00
587.00
584.00
582.00
581.00
582.00
580.50
580.50
582.00
582.50
582.00
582.00
582.00
579.00
577.00
577.00
576.00
577.00
576.00
576.00
575.00
575.00
575.50
576.50
576.00
577.00
576.00
575.00
576.00
575.00
577.00
575.00
576.00
576.00
577.00
575.50
461.00
461.00
458.00
458.50
466.00
464.00
465.00
465.00
465.00
464.00
464.00
464.00
465.00
466.00
464.50
488.00
490.00
493.00
493.00
493.00
489.50
489.00
491.00
491.50
492.00
491.00
488.50
486.00
485.00
568.00
568.50
484.50
484.00
484.50
483.00
483.00
481.50
483.00
482.00
482.00
482.00
483.00
482.00
482.50
483.00
482.00
613.00
614.50
615.00
656.50
1527.00
606.00
605.00
604.00
604.00
608.00
610.00
609.00
608.00
607.00
605.50
606.00
607.00
604.50
605.00
605.00
605.50
607.00
607.00
605.00
606.50
606.00
603.00
605.00
898.00
895.00
887.50
881.00
879.00
878.00
879.50
881.00
881.00
880.00
880.00
881.00
880.00
882.00
881.00
1800.00
1798.00
1795.50
1795.00
886.50
887.50
2699.75
3625.00
3569.50
3558.50
2642.25
2633.25
2632.00
2618.50
2620.50
2612.50
1853.75
1808.50
1803.50
488.00
487.00
487.00
488.00
507.50
615.50
615.50
616.00
615.50
616.00
656.50
614.00
614.50
613.50
616.00
614.50
613.50
614.50
610.00
609.50
616.50
616.50
616.00
617.50
616.50
616.50
656.00
614.75
615.50
616.50
615.50
615.50
614.50
615.50
588.00
601.50
565.50
559.00
561.50
561.00
559.50
559.00
558.50
560.50
726.50
717.50
710.00
704.50
708.50
710.50
708.00
702.50
703.50
703.00
703.50
702.50
702.00
701.50
539.50
539.50
539.50
526.50
515.50
515.50
514.50
513.50
513.50
509.50
509.50
508.50
509.50
508.50
508.50
496.50
483.50
483.50
345.50
340.50
340.50
339.50
338.50
340.00
338.50
338.50
339.50
337.50
338.50
337.50
336.50
337.50
336.50
334.50
336.00
340.50
340.50
341.50
339.50
339.50
339.00
340.50
339.50
340.50
339.50
339.50
340.00
336.50
339.50
338.50
338.50
338.00
338.00
338.50
336.50
337.50
338.50
336.50
336.50
332.50
331.50
333.00
331.50
331.00
330.50
332.50
329.50
330.00
331.50
328.50
330.50
328.50
327.50
328.50
329.00
328.50
327.50
328.00
327.50
329.50
328.50
327.50
329.50
330.00
331.00
342.00
333.50
333.00
332.50
332.50
331.50
331.50
332.50
330.50
332.00
330.50
331.50
331.50
330.50
331.50
331.50
332.00
330.50
331.50
330.00
332.00
331.50
330.50
330.50
324.50
324.50
323.00
207.50
208.50
208.50
208.50
207.50
207.50
207.50
207.50
206.50
207.00
207.50
208.50
209.00
207.50
208.50
207.50
207.50
207.50
207.50
207.00
207.50
207.50
207.50
217.50
212.50
212.50
211.50
212.50
211.50
212.00
212.50
212.50
212.50
211.50
212.50
212.00
211.50
211.50
211.50
212.50
212.50
213.50
211.50
212.50
211.50
211.00
211.50
210.50
212.00
212.00
211.50
211.00
210.50
211.50
209.50
211.00
210.50
213.00
212.75
211.50
211.50
211.50
211.50
222.50
217.00
211.50
212.50
211.50
212.00
212.50
211.50
211.50
210.50
212.00
212.00
211.50
212.50
212.00
211.50
211.50
212.00
337.50
349.00
346.50
342.00
337.00
334.50
333.50
332.50
332.50
331.50
332.50
332.50
332.50
330.00
327.50
326.50
327.00
326.50
328.50
328.00
326.50
326.00
326.50
325.50
327.50
325.50
325.00
325.50
325.50
324.00
325.50
324.50
324.50
324.50
325.50
323.00
325.00
324.50
324.50
322.50
329.50
329.00
329.50
328.50
328.50
328.50
328.50
328.50
328.50
328.00
327.50
329.50
330.00
327.50
328.50
326.50
211.50
212.50
211.50
211.50
212.50
212.50
212.00
207.50
206.50
206.50
207.00
207.50
206.50
207.50
207.50
207.50
207.50
208.00
207.00
207.50
207.50
207.50
207.00
207.50
207.50
207.50
207.00
207.50
207.50
206.50
205.50
205.50
206.50
209.50
211.50
210.50
210.50
211.00
210.50
211.00
210.50
211.00
210.50
211.00
210.50
211.50
210.50
210.50
210.50
210.50
211.50
211.00
210.50
210.50
210.50
210.00
206.50
205.50
206.00
205.50
205.50
207.00
207.00
206.00
205.50
206.50
205.50
205.50
206.00
205.50
206.50
206.50
205.50
206.50
205.50
206.50
205.50
206.50
205.50
205.50
205.50
205.50
216.50
211.50
211.00
210.50
211.50
211.50
210.00
343.50
347.50
345.50
343.50
339.50
337.50
333.00
333.50
331.50
333.00
331.50
332.50
330.00
330.50
331.50
330.50
330.50
325.50
332.00
331.50
331.50
330.50
331.00
329.50
328.50
329.50
328.50
329.50
329.50
329.00
329.50
330.50
329.50
328.50
330.50
329.00
330.50
329.50
327.50
328.50
328.50
328.50
329.00
325.50
328.50
328.00
326.00
327.50
328.50
328.00
325.50
210.50
211.00
211.00
211.50
211.00
211.00
210.50
211.00
211.00
212.50
211.50
210.00
211.50
211.50
211.50
211.50
210.50
206.50
207.00
207.50
206.50
207.50
208.50
207.50
207.50
206.50
205.50
205.50
205.50
206.50
207.50
206.00
206.50
207.00
207.50
206.50
205.50
206.00
206.00
205.50
205.50
206.50
214.50
210.50
211.50
211.00
210.50
211.50
211.50
210.50
211.50
211.50
210.50
211.50
211.00
210.50
210.50
210.50
210.50
210.50
211.50
211.00
211.50
212.50
212.00
210.50
211.50
205.50
207.50
207.50
205.50
206.50
205.50
205.50
206.50
206.50
206.50
205.50
206.00
206.50
205.50
206.00
206.00
206.00
206.50
206.50
206.50
206.00
207.00
207.50
207.50
272.00
349.00
345.50
343.50
337.50
334.00
333.50
332.50
332.50
330.50
332.50
330.50
331.50
333.00
331.50
330.00
330.00
330.50
330.00
329.50
329.50
329.50
328.50
327.00
324.50
324.50
325.50
323.50
324.50
324.50
324.00
325.50
324.50
323.00
324.00
324.50
323.50
323.50
323.50
323.00
323.00
323.50
322.50
323.00
323.00
321.50
322.00
321.50
205.50
205.50
206.50
214.50
211.50
212.00
210.50
211.50
210.50
210.50
210.50
210.50
210.50
210.50
210.50
210.00
210.50
211.50
211.00
211.00
209.00
210.00
210.00
210.00
209.00
210.25
209.00
204.00
214.00
209.50
211.50
211.50
211.00
211.50
210.50
210.50
211.50
211.50
210.50
211.50
211.50
211.50
211.50
211.50
210.50
212.50
211.50
211.50
210.50
211.00
211.50
211.50
211.50
212.00
211.00
212.50
210.50
211.50
211.50
212.00
211.50
209.50
211.50
212.00
210.50
211.50
211.00
210.50
210.50
210.50
211.00
211.50
210.50
210.50
211.50
210.50
210.50
210.50
205.50
206.50
206.50
205.50
206.50
206.00
206.50
207.50
206.50
205.50
205.50
206.50
205.50
206.00
205.50
206.00
342.00
343.50
340.50
335.50
332.50
329.50
328.50
327.50
327.50
327.00
335.50
332.50
332.00
330.50
330.50
329.50
332.50
330.50
330.50
331.50
330.50
330.50
330.50
330.50
330.00
329.50
328.50
328.50
329.25
327.00
329.50
328.50
326.00
323.50
322.00
323.50
322.50
323.50
324.50
322.50
322.50
323.50
323.50
321.50
322.50
322.50
321.50
206.50
205.00
206.00
206.50
205.50
205.50
205.50
205.50
205.50
205.50
206.00
206.00
215.00
211.50
212.00
210.50
211.50
210.50
211.50
210.50
210.50
210.00
210.50
210.50
210.50
210.50
211.50
210.00
210.50
210.50
210.50
210.00
210.50
210.50
210.50
210.50
205.00
205.50
205.50
206.50
205.50
205.50
206.50
206.50
205.50
205.50
205.50
205.50
205.50
205.50
204.50
205.50
205.50
206.50
205.50
205.50
205.00
205.00
205.50
205.50
206.00
215.50
210.50
210.50
210.50
210.50
210.50
210.50
211.50
210.50
210.50
210.50
211.50
210.50
209.50
210.50
211.00
211.50
210.50
210.50
210.50
210.50
210.50
210.50
210.50
211.00
211.00
211.50
210.50
211.00
277.00
347.50
346.50
342.00
337.50
336.50
333.00
332.50
330.50
329.00
330.50
344.50
334.50
331.50
330.50
331.50
331.50
329.50
329.50
329.00
329.00
331.50
329.50
330.50
329.50
329.50
327.50
329.00
329.50
329.00
328.50
328.50
330.00
328.50
327.50
329.00
328.00
326.50
326.00
327.00
328.50
328.50
327.00
323.50
321.50
321.50
322.50
323.50
206.50
205.50
205.50
207.50
206.50
206.00
205.50
205.50
205.50
207.50
206.50
207.00
206.50
206.50
206.00
206.50
205.50
205.50
205.50
205.50
206.50
205.25
206.00
211.50
211.50
210.50
210.50
211.50
210.50
211.00
210.50
211.00
212.00
212.50
212.50
210.50
210.50
211.00
211.00
210.50
210.50
210.50
210.00
211.50
210.50
210.50
206.50
205.50
205.50
204.50
206.50
206.50
206.00
205.50
205.50
206.00
206.00
206.50
205.00
206.00
206.50
206.50
205.00
205.50
204.50
205.00
205.50
205.50
205.50
205.50
206.50
204.50
206.50
216.50
211.50
210.50
211.50
212.50
211.00
210.50
211.50
210.50
211.50
211.50
212.50
211.00
210.50
211.50
211.50
210.50
210.50
211.50
212.00
210.50
346.50
346.50
343.50
334.50
329.50
329.00
327.00
326.50
325.50
325.50
325.50
327.00
325.50
326.50
325.00
326.00
324.50
325.50
323.50
324.50
323.50
324.50
324.50
323.50
323.50
324.00
325.50
323.50
324.50
327.50
329.50
326.50
329.00
328.50
328.50
327.50
327.50
327.50
327.00
327.50
327.50
326.50
327.00
327.50
327.50
324.50
210.50
208.50
207.00
207.00
208.00
208.50
210.00
204.00
215.50
208.50
209.00
208.00
208.50
211.00
210.25
209.75
209.00
209.00
208.00
208.00
207.00
207.50
209.00
208.00
211.00
209.50
209.00
209.00
209.00
208.00
208.00
209.50
209.00
209.00
209.00
207.50
209.00
208.00
208.00
207.50
207.00
209.25
207.00
207.00
208.00
207.00
207.00
207.50
209.00
208.00
208.00
208.00
210.50
207.00
208.50
208.00
207.00
203.00
202.00
203.00
204.00
203.50
203.00
204.00
204.50
205.00
203.00
287.00
341.00
342.00
338.00
333.00
329.00
329.00
327.50
328.00
327.00
325.50
327.00
412.00
410.00
369.50
336.00
332.50
415.50
416.00
414.00
419.00
408.00
408.50
391.00
415.00
417.00
420.50
416.50
412.00
411.00
411.50
417.00
413.00
412.00
409.50
413.00
411.00
408.50
412.00
408.00
409.00
406.00
404.00
403.50
405.50
406.00
407.00
400.00
400.00
395.00
405.50
406.00
405.00
401.00
407.00
403.00
402.50
398.00
288.00
289.00
284.50
290.00
291.00
291.00
299.00
294.00
292.00
296.00
294.00
289.00
297.00
296.50
294.00
291.50
298.00
298.00
289.00
287.00
292.00
289.00
288.00
295.50
296.00
295.50
295.50
287.00
286.75
283.00
286.00
281.50
281.00
287.00
282.00
286.00
288.00
289.00
289.50
291.50
291.50
287.00
285.50
288.50
286.00
284.50
287.50
285.00
293.50
293.00
294.25
286.50
290.50
295.50
291.50
296.00
295.00
296.00
292.00
294.00
298.00
297.50
301.50
297.25
297.50
300.50
356.00
430.50
430.50
422.00
419.50
419.00
416.50
411.75
412.00
415.50
412.00
412.50
406.50
407.50
414.50
413.50
415.00
407.50
416.00
414.00
415.50
411.00
414.50
410.50
411.50
408.50
408.50
411.50
402.75
412.50
407.50
408.25
409.00
409.50
408.50
408.50
411.50
409.00
412.00
409.50
412.50
411.00
399.00
294.50
297.50
300.00
298.50
297.50
297.00
299.50
296.50
289.00
300.50
298.50
295.50
299.50
298.50
299.50
299.50
297.50
295.50
298.50
292.50
287.50
277.00
288.00
293.50
295.50
295.50
292.50
292.50
292.50
282.50
287.50
293.50
296.00
293.50
292.50
288.50
294.50
293.50
288.50
295.50
292.50
292.50
288.00
297.50
297.50
296.00
304.50
296.50
300.50
338.50
341.50
341.00
339.50
333.75
330.50
323.00
330.50
337.50
320.00
342.50
336.50
337.00
322.50
332.50
325.00
323.00
323.50
325.50
322.50
318.00
312.00
316.00
321.50
330.00
321.50
308.50
327.50
445.50
458.00
458.50
453.00
444.50
444.50
450.00
451.00
444.00
450.50
450.00
455.50
452.50
451.50
448.50
447.50
452.00
452.00
452.50
448.50
462.00
457.50
456.50
454.50
455.50
458.50
440.50
441.50
440.50
445.50
444.50
445.50
446.50
449.25
445.50
451.00
453.50
444.50
452.50
446.50
388.00
335.50
329.50
329.50
332.50
332.00
333.50
330.00
331.00
329.50
332.00
337.00
349.50
343.00
348.50
342.00
345.50
320.50
320.50
318.50
318.00
321.50
322.00
318.50
324.50
302.50
304.00
305.50
326.50
320.50
329.00
322.50
326.50
327.50
318.50
318.50
319.50
320.50
317.50
326.50
326.00
327.00
327.50
329.50
328.50
329.50
332.50
333.50
336.50
337.50
326.00
332.50
329.50
328.00
331.00
336.50
335.00
327.50
333.50
335.00
318.50
319.00
319.50
317.00
322.50
316.00
311.50
311.50
320.00
313.50
311.50
311.50
309.00
308.75
309.50
300.50
310.00
312.00
451.00
451.50
444.50
444.00
443.50
439.50
424.50
423.50
428.50
422.50
427.00
426.00
426.50
421.50
419.00
425.00
423.50
431.50
432.50
422.50
431.50
430.50
431.50
434.00
432.50
427.50
420.50
431.00
430.50
426.50
426.50
431.00
434.50
426.50
437.50
430.50
431.50
433.00
434.00
429.50
370.50
312.50
312.00
309.50
302.50
305.00
302.50
304.50
307.00
303.50
313.00
295.00
299.50
300.50
299.00
299.50
303.50
306.50
302.50
303.50
302.00
299.50
299.50
297.50
304.50
305.50
302.50
303.00
303.00
309.50
304.50
302.50
300.50
306.00
302.50
298.50
298.00
300.00
306.50
310.00
311.50
303.50
302.50
306.00
304.50
311.50
311.50
313.50
313.50
307.50
309.00
328.50
325.50
339.50
326.50
326.50
332.00
331.50
333.50
338.50
391.50
459.50
471.50
459.00
443.00
448.50
446.00
456.50
454.50
448.50
447.50
450.50
452.50
471.00
462.50
443.50
452.50
450.00
449.00
447.50
450.00
462.50
445.50
448.50
445.50
437.50
441.50
446.50
445.50
443.50
438.50
438.50
450.50
442.50
442.50
442.50
437.50
438.50
449.50
428.00
438.50
435.00
438.50
335.00
315.50
318.50
320.50
329.50
318.50
325.50
320.50
323.50
324.50
326.50
325.00
333.50
332.50
330.50
326.50
336.50
329.50
331.50
331.00
327.50
321.50
331.50
329.00
326.50
329.50
322.00
322.50
318.50
328.00
319.50
324.50
323.00
319.50
316.50
317.50
320.00
322.00
324.50
324.00
321.50
316.50
317.00
317.00
322.50
323.50
326.00
306.50
309.50
295.50
302.50
302.50
303.50
302.50
293.50
303.50
303.25
302.50
300.50
302.50
304.50
304.50
298.00
301.50
289.50
306.00
301.50
299.50
298.50
300.50
297.50
299.50
302.50
417.50
433.50
426.00
408.50
402.50
400.50
393.00
396.50
398.50
392.50
395.50
398.50
396.00
395.50
397.50
400.50
397.00
394.50
397.50
397.50
397.50
392.50
394.00
393.50
388.50
394.50
390.50
391.00
389.50
388.50
397.00
393.50
395.00
398.50
397.50
394.50
393.50
395.50
393.50
333.50
280.50
281.50
287.50
281.50
283.50
284.00
282.50
287.50
281.00
283.50
283.50
280.00
282.00
280.50
281.50
279.00
282.50
286.00
287.50
285.50
286.50
274.00
270.50
287.50
279.50
281.00
288.50
285.50
290.50
284.50
281.50
295.50
279.00
293.50
294.50
289.00
293.50
277.50
288.00
294.50
297.50
301.50
294.50
291.00
292.50
291.00
290.50
288.50
290.50
293.50
293.50
293.00
278.50
286.50
285.50
291.00
292.50
293.50
292.50
292.50
293.50
293.50
294.00
293.50
293.50
294.50
292.50
293.50
292.50
293.50
293.50
294.50
293.50
293.50
293.50
295.50
424.50
425.50
427.00
424.50
419.50
420.00
412.50
412.50
411.00
412.50
414.50
412.50
414.50
409.50
413.50
415.00
405.00
401.50
395.50
405.50
411.00
409.00
401.50
404.50
395.50
407.00
407.50
407.50
407.00
406.50
405.00
401.50
401.50
400.50
399.50
399.50
396.50
405.50
405.50
405.50
290.00
286.00
288.50
287.50
284.00
287.50
286.50
286.50
282.50
284.50
283.50
284.00
285.00
302.50
302.50
288.50
290.50
285.00
282.50
284.50
214.50
213.50
214.50
214.50
213.00
214.50
213.50
212.50
213.50
213.00
214.50
213.50
214.50
214.00
213.50
214.50
214.50
213.00
214.00
212.50
213.50
214.50
212.50
215.50
214.50
207.50
207.50
207.50
208.50
208.50
208.50
208.50
208.50
209.50
210.00
208.50
207.50
208.50
210.50
209.50
208.50
208.50
208.50
208.50
209.00
208.50
207.50
208.50
209.50
208.50
207.50
220.50
214.50
213.50
214.00
213.50
215.50
214.00
345.50
348.50
348.00
346.50
342.00
338.50
336.50
336.50
332.00
335.50
334.00
335.50
333.50
334.00
333.50
331.50
331.50
329.50
328.00
326.50
327.00
327.50
327.00
326.50
326.50
327.00
326.50
326.50
325.50
326.50
326.50
324.50
327.00
326.50
325.50
325.00
323.50
325.50
324.00
324.50
324.50
208.50
208.00
215.50
213.50
214.00
214.50
213.50
215.00
213.50
214.50
214.50
214.50
212.50
214.00
214.00
213.50
206.50
214.50
214.50
214.50
213.50
211.50
210.50
212.50
214.50
214.50
209.50
208.50
207.50
208.50
207.50
213.00
208.00
209.50
209.00
209.50
207.50
208.50
208.50
210.00
209.50
209.00
208.00
208.50
207.50
207.50
208.50
208.00
208.50
207.50
209.00
207.50
218.50
215.50
213.50
214.00
214.50
213.50
212.50
212.50
213.50
213.00
214.50
213.50
214.00
214.00
213.50
215.00
213.50
213.50
214.00
215.50
214.50
215.50
214.50
212.50
209.50
214.00
214.50
351.50
350.00
346.50
343.50
340.00
338.50
335.50
333.50
333.00
334.50
333.50
334.00
333.00
333.50
335.00
334.50
332.50
332.50
333.00
332.50
332.50
331.50
332.00
331.50
332.00
332.50
331.50
331.50
330.50
330.50
330.50
331.00
330.50
330.50
331.00
330.50
332.50
330.50
331.50
330.50
214.50
214.50
214.50
216.50
212.50
209.50
208.50
208.00
208.50
209.50
208.50
208.50
208.50
209.50
209.00
208.50
207.00
207.50
208.50
208.50
209.50
207.50
209.50
207.50
209.00
208.50
207.50
208.00
207.50
207.00
208.50
208.00
218.50
213.00
212.50
214.50
214.00
212.50
212.50
213.50
212.50
213.50
213.50
213.50
213.50
213.50
213.50
212.50
214.00
213.50
214.50
214.50
214.50
212.50
210.00
208.50
208.50
209.00
207.50
207.50
207.50
207.50
209.00
212.00
208.50
208.00
208.00
207.50
207.50
206.50
208.00
207.50
207.50
207.50
208.50
206.50
210.50
208.50
343.50
345.50
349.50
341.50
337.50
337.00
336.50
334.50
331.00
332.50
333.50
333.50
335.00
332.50
331.50
332.50
331.50
331.50
332.50
332.50
333.50
332.00
330.50
331.50
331.50
332.00
326.50
325.50
326.50
326.50
355.50
382.50
368.50
369.50
367.50
374.50
376.50
367.50
374.50
373.50
367.50
259.50
253.50
255.00
250.50
248.50
245.00
247.50
247.50
244.50
243.50
245.00
245.50
248.50
250.50
249.00
250.00
249.50
251.00
249.50
250.00
251.50
249.50
252.50
249.00
251.00
252.50
250.50
253.00
251.50
250.50
251.50
251.00
250.50
251.00
250.00
244.50
246.50
249.50
250.50
249.50
250.50
250.50
249.50
251.50
250.00
250.50
367.50
422.25
426.50
431.00
432.50
436.00
441.00
448.00
445.00
443.50
441.50
525.00
522.00
521.00
520.50
519.00
519.00
518.00
519.50
517.00
518.00
517.00
516.00
515.00
514.50
513.50
514.00
515.00
514.50
651.00
652.00
653.50
691.00
646.50
642.50
641.50
628.50
709.50
670.50
623.50
624.50
635.00
638.50
639.50
634.50
636.50
636.50
636.50
638.00
636.50
636.50
637.00
635.50
646.50
635.00
683.50
633.75
632.25
633.75
634.50
633.50
633.00
632.50
631.50
631.00
629.00
635.00
634.25
636.50
636.50
628.50
628.50
627.50
628.00
632.50
628.00
628.50
629.25
625.00
625.00
627.50
626.00
627.00
624.00
626.50
622.00
507.00
506.00
508.50
508.00
508.00
507.00
507.00
506.00
507.00
504.50
506.00
508.00
506.00
507.00
298.50
303.50
380.50
295.50
301.00
299.00
298.50
301.50
303.00
298.50
299.50
432.50
589.50
587.50
585.50
635.00
649.50
629.50
629.00
619.00
617.50
620.50
621.50
620.50
617.50
611.50
612.00
614.00
621.00
618.50
620.50
617.00
616.50
616.50
616.50
623.50
614.50
610.00
618.50
607.50
616.50
618.00
618.50
612.50
611.50
618.50
612.00
614.00
613.00
614.50
613.50
611.00
617.50
616.50
620.50
613.00
614.00
558.50
498.50
497.50
501.50
502.50
497.50
498.50
502.00
503.50
499.00
498.00
494.50
493.50
495.00
494.50
495.50
493.00
494.50
495.50
494.50
494.50
493.50
493.50
495.00
496.50
493.50
493.50
496.50
495.50
496.50
496.50
494.50
495.50
502.50
500.50
500.50
495.50
553.50
626.00
628.50
622.00
625.50
628.50
615.50
614.50
615.50
616.00
610.00
616.50
632.50
623.50
617.50
616.00
617.50
614.50
612.50
617.50
617.00
615.50
615.50
613.50
614.50
620.50
616.00
616.50
621.50
618.50
622.50
619.50
622.00
620.00
620.50
616.50
618.50
622.00
622.50
620.50
621.50
619.50
617.50
619.00
617.50
613.50
617.00
610.50
608.50
612.50
495.50
497.50
495.50
498.00
509.50
509.50
520.00
519.50
511.50
516.00
520.00
505.50
503.50
511.00
505.00
511.50
508.00
520.50
512.50
516.50
537.50
536.50
540.50
544.00
875.75
899.50
902.00
900.00
904.50
899.50
943.50
906.00
905.00
901.75
1036.00
1039.00
1035.00
1026.50
1026.00
1016.00
1023.50
1024.00
1024.00
1018.50
1017.00
1011.00
1015.50
1016.00
1014.00
1015.50
1011.25
1000.00
1000.00
1001.00
1000.00
1001.00
1034.00
1034.00
1036.50
1038.75
1003.25
636.50
657.00
673.50
640.50
676.50
674.00
672.00
674.50
636.50
636.50
645.50
642.00
641.50
641.50
1010.00
1044.25
999.00
997.50
998.75
1002.00
637.50
639.00
636.50
639.50
1007.00
1008.00
1015.25
1012.00
659.00
659.50
663.50
1012.50
1043.00
1034.50
1023.50
648.50
650.50
651.50
658.50
1029.50
1021.50
1016.50
1012.00
646.50
649.00
644.50
666.50
1038.50
1019.50
1011.00
1010.00
672.00
674.50
677.50
676.00
1047.00
1038.00
1038.00
1040.50
672.50
677.00
679.00
681.50
1052.25
1038.00
1049.00
1043.50
676.50
677.00
677.50
673.50
1045.00
1037.00
1041.50
863.50
680.50
667.50
678.00
679.50
1059.25
1043.00
1037.00
1038.00
686.50
684.50
683.50
678.50
677.50
1048.00
1037.00
1038.25
1040.00
678.00
566.50
572.00
563.00
934.50
929.50
928.00
563.50
582.00
565.50
558.50
556.50
559.50
558.50
561.50
559.00
562.50
556.50
562.50
557.50
563.50
564.50
563.00
564.50
563.50
564.50
556.50
559.50
562.50
564.00
563.50
560.50
560.50
558.50
556.50
559.50
556.00
683.50
689.50
686.50
683.50
674.50
669.50
669.50
662.50
666.50
674.50
667.50
668.50
673.00
661.50
668.50
665.00
668.50
667.50
666.50
670.00
668.50
666.50
672.50
670.50
669.50
669.50
670.50
671.50
669.50
666.50
667.50
670.50
669.00
669.50
673.50
674.50
672.50
673.50
677.50
674.50
675.00
672.50
674.50
671.50
674.50
674.50
671.50
656.50
661.50
658.50
654.00
656.50
658.50
657.50
655.50
652.50
650.50
653.50
631.00
628.00
621.50
627.50
629.50
626.00
513.00
515.50
517.00
516.50
518.50
516.00
507.50
512.50
512.00
515.50
516.50
516.00
517.50
521.00
520.50
517.50
517.50
523.50
520.50
519.50
518.50
514.00
519.50
517.50
515.50
513.00
515.50
514.50
515.50
512.50
510.50
516.50
507.00
516.50
516.00
519.00
516.00
642.50
639.50
636.50
676.50
672.00
672.00
632.50
632.00
630.00
628.50
629.50
636.00
628.50
626.50
633.00
632.00
630.50
629.50
626.50
626.00
631.50
630.00
657.50
655.50
657.50
663.00
633.50
657.50
715.50
645.00
643.00
646.00
641.50
638.50
636.50
641.50
639.50
639.00
635.50
638.00
636.50
638.50
636.50
643.50
637.50
639.50
645.50
640.50
634.00
638.50
635.50
639.00
635.50
638.50
642.50
640.50
646.50
635.50
636.00
637.50
635.00
635.00
640.50
634.50
628.00
636.50
628.50
631.50
632.50
637.50
657.50
638.00
640.50
632.50
636.50
635.50
635.50
633.50
635.50
638.00
524.50
520.50
518.50
521.50
526.50
522.50
522.50
525.50
525.00
524.00
523.50
519.50
527.00
526.50
526.50
528.50
524.50
525.50
523.50
522.50
519.00
522.00
519.00
515.50
515.00
514.50
518.00
520.00
514.50
515.50
519.00
517.50
518.00
520.00
517.50
517.50
516.00
515.00
528.50
536.50
532.50
533.50
529.50
532.50
533.50
527.50
656.00
659.50
670.50
659.50
664.50
655.50
659.50
657.50
655.50
650.50
651.50
651.00
656.50
653.50
655.00
655.00
654.50
653.00
652.50
651.50
655.00
650.00
650.50
655.50
654.00
650.00
648.50
649.50
648.50
651.00
650.50
648.50
649.50
637.50
635.00
635.50
635.50
634.00
637.50
635.50
635.50
633.00
636.50
632.50
629.50
633.50
632.50
636.50
632.50
633.50
635.00
639.50
639.50
644.50
641.00
634.50
634.50
637.50
517.50
518.50
530.00
518.50
525.50
523.50
521.00
518.00
519.50
525.50
523.50
519.00
510.50
522.00
526.50
524.50
518.50
520.50
521.50
522.00
524.50
522.50
522.00
524.00
391.00
388.50
456.00
523.50
522.00
518.00
523.00
521.50
521.50
523.50
521.50
521.50
521.50
523.50
520.50
517.00
519.50
519.50
522.50
527.50
525.00
523.00
522.50
525.50
646.00
655.00
650.50
652.00
645.50
644.50
647.50
647.50
640.50
641.50
638.00
641.00
637.00
628.50
636.50
635.00
637.50
630.50
635.50
633.50
642.50
641.50
642.50
637.50
635.00
637.50
637.50
631.00
634.50
636.00
635.50
635.50
633.50
634.50
634.00
634.50
650.50
642.50
642.50
639.00
643.00
642.00
640.00
640.50
643.50
639.50
636.50
638.00
632.50
635.50
631.50
597.50
602.50
598.00
600.50
627.50
624.50
624.50
626.50
510.50
511.00
510.50
512.50
513.00
511.50
512.00
513.50
510.50
505.50
507.50
505.50
509.00
507.50
506.00
508.50
507.50
509.50
506.00
505.50
507.50
505.00
507.00
505.50
508.50
506.00
506.50
507.50
506.00
507.50
505.50
505.00
505.50
505.50
507.50
505.00
536.50
532.50
521.00
522.50
529.50
526.00
527.00
523.50
528.50
526.00
524.50
526.50
532.50
525.50
526.50
524.50
521.50
528.50
655.00
650.50
653.50
651.50
646.00
647.00
638.50
639.50
630.00
635.50
632.50
647.50
635.50
636.00
637.00
589.00
589.50
588.00
587.50
586.50
590.50
586.50
588.50
586.50
587.50
585.50
587.50
587.50
587.00
588.50
589.50
585.50
588.50
594.50
586.50
588.00
588.50
590.50
585.50
582.50
588.50
592.00
590.50
591.50
588.00
586.50
458.50
478.50
454.00
470.50
453.50
453.00
456.50
466.50
461.00
341.50
342.50
342.00
336.00
336.00
335.50
342.50
333.00
332.50
336.50
311.50
312.50
307.00
310.50
310.50
311.00
309.00
312.50
309.50
306.50
278.50
122.50
121.00
236.50
238.00
241.00
242.00
251.00
127.50
129.50
125.50
215.00
215.00
198.00
177.50
179.50
180.50
177.50
197.50
214.50
169.50
168.50
214.50
216.50
225.50
225.50
224.50
229.50
224.50
224.50
225.00
218.50
211.50
211.00
338.50
336.00
335.50
334.00
269.50
268.00
265.50
265.50
265.50
265.50
264.50
265.00
264.00
266.50
263.50
267.00
263.50
263.50
263.50
262.50
265.50
262.00
264.00
261.50
265.50
264.00
262.00
260.50
261.50
262.50
263.50
262.00
260.50
261.50
260.50
259.00
261.50
261.50
261.50
260.50
262.50
262.00
258.50
260.50
262.50
256.50
255.50
255.50
253.50
255.50
255.00
253.00
255.50
254.50
255.00
256.50
253.50
254.50
253.50
254.50
200.00
144.50
142.50
144.00
144.00
143.50
143.50
141.50
143.00
142.50
143.50
143.00
151.50
146.50
148.50
142.50
142.50
143.50
144.00
143.50
142.50
142.00
143.50
142.50
142.00
142.50
140.00
144.00
142.50
142.50
142.50
143.00
142.50
142.50
145.50
143.50
142.50
141.50
143.50
141.50
141.50
141.50
144.50
142.50
143.50
141.50
141.50
142.50
142.50
142.50
142.00
142.00
141.50
142.50
142.50
144.50
143.50
142.50
143.00
143.50
272.50
272.50
274.50
271.50
269.00
264.50
258.50
256.50
255.50
255.50
255.50
255.00
256.50
256.50
255.50
410.00
555.50
551.50
550.00
547.50
544.50
546.00
548.50
547.50
547.50
546.50
548.50
548.50
550.00
548.50
548.50
547.00
548.50
547.50
549.00
549.50
555.50
549.00
549.50
549.50
548.00
548.50
548.50
547.50
551.00
549.50
547.50
548.50
546.50
546.50
546.50
153.00
147.50
146.50
148.00
143.00
141.50
144.50
142.50
142.50
141.50
142.00
140.50
142.50
140.50
142.50
146.50
141.00
141.50
144.50
143.50
149.50
140.00
143.50
142.00
142.50
151.50
148.50
147.50
147.50
141.50
143.00
143.00
142.50
142.50
143.50
142.50
141.50
144.50
143.50
142.50
140.50
156.50
156.50
150.00
314.50
309.50
295.00
292.50
292.50
292.50
289.50
288.50
285.00
285.00
284.50
283.50
284.00
282.50
278.50
282.00
280.00
279.50
280.00
279.50
275.50
276.00
282.00
281.50
278.50
276.50
277.50
275.50
276.00
274.50
