56.50
50.00
49.00
48.50
48.00
49.00
48.00
48.50
49.00
50.00
49.50
48.00
50.00
49.00
51.00
53.00
51.00
51.50
50.00
49.00
48.00
48.00
49.00
49.00
48.00
50.00
48.50
50.00
52.00
50.00
50.00
52.00
48.00
50.00
51.00
51.00
54.00
50.00
52.00
51.50
50.00
49.00
47.50
49.00
50.00
48.00
50.50
50.00
51.00
49.00
50.00
49.00
50.50
51.00
49.00
51.00
53.00
51.00
52.00
50.00
50.00
49.00
50.00
50.00
50.00
52.00
53.00
53.00
53.50
53.00
52.00
52.50
52.00
53.00
50.00
60.00
51.00
50.50
48.00
50.00
50.00
49.00
51.00
54.00
51.00
51.00
52.00
48.50
48.00
50.00
135.00
139.00
139.00
144.00
148.00
148.50
155.00
159.00
160.00
160.00
164.00
164.50
165.00
163.00
169.00
164.00
165.00
168.00
162.50
169.00
165.00
164.50
161.50
168.00
173.00
166.00
170.00
164.50
165.50
167.00
164.50
163.50
164.00
168.00
164.50
164.00
160.50
162.00
160.00
161.50
161.50
162.00
163.00
162.50
160.50
166.00
170.00
169.00
168.00
165.00
163.50
164.00
165.00
168.50
162.00
162.00
162.00
161.00
162.00
161.00
161.00
162.00
165.00
162.00
162.50
163.00
163.50
165.00
163.00
153.00
170.00
138.00
138.00
138.00
138.00
138.00
138.00
137.50
138.00
137.00
137.00
137.00
137.00
137.00
137.00
137.00
137.00
137.00
137.00
137.00
137.00
137.00
137.00
139.00
138.50
138.00
138.00
139.00
138.00
138.00
138.00
138.50
138.00
138.00
139.50
139.00
138.50
138.00
139.00
137.50
135.50
136.00
136.00
136.00
135.00
135.00
137.00
136.00
135.50
135.00
135.00
135.50
135.00
135.50
134.00
135.50
136.00
134.50
135.00
135.00
135.00
135.00
135.00
134.00
135.00
135.00
135.50
134.50
134.00
135.00
134.00
134.00
134.00
135.50
135.00
134.00
135.00
134.00
134.00
135.00
134.50
135.00
134.00
134.00
134.00
135.00
135.00
134.50
134.00
135.00
135.50
135.00
135.00
134.50
135.00
135.50
135.00
135.50
135.00
134.50
135.00
135.00
134.00
135.50
135.00
135.00
134.00
134.00
134.00
134.00
134.00
134.00
134.00
135.00
134.00
134.50
134.50
134.00
134.00
135.00
134.50
134.50
135.00
134.50
135.00
134.00
166.00
159.00
161.00
162.00
177.00
178.00
182.00
182.00
182.00
182.00
174.50
164.00
163.00
162.00
169.50
164.00
165.00
160.00
158.00
158.00
161.00
160.50
159.00
162.00
162.50
163.00
165.00
163.00
163.00
159.50
160.50
165.00
163.00
159.00
162.00
157.00
158.00
160.00
158.00
160.00
159.00
159.50
160.00
158.00
158.50
158.50
162.00
159.00
158.00
157.00
157.50
158.50
157.00
157.00
158.50
158.00
158.00
159.00
158.00
158.00
159.00
160.50
165.00
160.00
159.00
159.50
157.00
159.00
161.50
159.00
157.00
160.00
163.00
159.00
158.50
158.00
159.00
160.00
160.00
163.00
159.50
160.00
160.00
161.00
165.00
162.00
161.00
160.00
163.00
162.00
159.00
166.00
163.00
163.00
161.50
163.00
162.50
161.50
160.50
163.00
166.00
162.00
161.00
166.00
163.00
164.00
164.00
166.50
164.50
164.00
165.50
165.50
164.00
167.00
163.00
162.00
160.00
160.50
159.00
158.50
159.00
168.00
165.00
166.00
163.00
164.00
166.00
164.00
172.50
169.00
170.00
161.50
161.00
160.00
160.50
159.00
156.00
160.00
161.00
159.00
158.00
162.50
157.00
158.00
160.00
160.00
161.00
161.00
159.50
159.00
159.00
160.00
157.00
157.50
160.50
163.00
162.00
162.00
163.50
161.00
163.00
163.00
161.50
164.00
165.00
170.00
171.00
168.00
170.00
175.50
172.00
165.00
170.00
180.00
181.00
173.50
167.00
164.50
167.00
163.00
169.00
168.50
164.00
164.00
166.00
164.00
162.00
165.50
162.00
163.00
163.00
161.00
166.00
164.00
167.00
165.50
163.00
166.00
165.00
166.00
164.00
162.50
158.50
163.00
161.50
162.00
163.00
162.00
163.00
164.00
162.00
167.50
177.00
167.00
168.50
164.50
164.00
161.50
161.00
159.00
162.00
161.00
165.00
166.00
164.00
165.00
174.00
180.00
169.00
169.00
168.00
169.00
166.00
164.00
165.50
166.00
165.00
164.00
163.00
165.00
163.50
165.00
162.00
163.00
166.00
161.50
162.00
162.50
171.00
171.00
170.50
165.00
164.00
164.00
171.00
169.00
175.00
171.00
166.50
158.00
175.00
188.00
208.50
202.00
207.00
209.50
215.00
212.50
213.50
212.00
214.50
205.00
207.00
204.00
205.50
217.00
232.00
211.50
211.00
206.00
245.50
287.00
287.00
286.00
274.00
276.00
289.50
286.50
285.00
276.00
271.00
289.00
218.00
211.00
214.50
212.00
205.50
215.50
217.00
218.50
212.50
215.50
228.00
220.50
206.50
215.00
216.50
234.00
223.50
216.50
213.50
230.00
229.00
220.00
226.00
228.00
213.50
210.50
203.00
203.00
228.50
233.00
231.00
229.00
221.00
215.00
216.50
214.00
220.00
221.00
229.00
221.00
228.00
226.00
217.00
205.00
203.00
196.00
202.00
200.50
197.50
197.00
198.00
195.50
195.50
200.00
197.00
208.50
204.00
201.00
245.50
6124.50
6026.50
6002.25
6025.00
6018.00
6002.25
6000.00
5990.50
5990.50
5984.00
5983.00
5970.75
5975.00
5969.00
5970.00
5971.75
201.00
202.00
201.00
200.00
198.00
207.00
206.50
197.50
198.00
198.50
6017.00
5990.50
6010.25
6003.25
209.00
196.50
207.00
208.50
207.00
208.50
209.00
209.00
212.00
202.00
206.00
216.00
213.00
209.50
205.50
212.50
214.00
211.00
218.50
218.00
6027.00
6039.25
6021.00
3099.75
201.50
213.00
216.00
219.00
216.00
208.50
247.00
6024.25
6021.50
6022.00
202.75
207.00
204.00
202.50
225.00
223.00
208.50
234.00
212.00
207.00
217.50
211.00
210.00
208.00
206.00
205.00
206.00
5984.75
6000.50
6025.00
6012.75
209.00
207.00
207.00
208.00
209.00
209.00
204.50
201.00
200.00
202.00
207.00
198.00
197.50
194.50
206.00
206.00
198.50
197.00
198.00
208.50
207.00
209.00
207.00
207.50
6027.50
5978.00
6008.75
6008.50
206.00
202.00
200.00
237.00
6002.00
6011.50
5999.50
232.00
234.50
239.00
241.00
250.50
244.00
242.00
236.50
234.00
241.00
239.50
236.50
238.00
227.00
231.00
234.00
236.00
241.00
239.00
238.00
245.00
227.00
226.00
237.50
242.00
238.00
241.00
242.00
242.00
248.50
232.50
225.00
246.00
252.50
272.00
271.00
273.50
271.50
273.50
275.00
273.50
275.00
271.50
273.50
274.00
272.00
273.50
269.00
267.00
266.50
265.00
218.00
218.00
218.00
218.00
218.00
218.00
218.00
219.00
218.50
218.50
201.00
202.00
203.50
203.00
202.00
202.00
201.00
202.00
203.00
201.50
202.00
201.00
201.00
201.00
202.00
201.00
201.50
168.00
168.00
168.00
168.00
168.00
167.00
168.00
168.00
168.00
167.50
167.50
168.00
167.00
168.00
168.00
168.00
167.00
167.00
167.50
167.00
168.00
168.50
168.00
168.00
168.00
167.00
168.00
168.00
167.00
167.00
167.00
167.00
167.00
167.00
167.00
167.00
167.00
176.00
176.00
167.00
180.00
180.00
181.00
181.00
182.00
182.00
182.00
182.00
183.00
182.00
182.00
182.00
182.00
182.00
182.00
181.50
181.50
181.00
181.50
181.00
181.00
180.50
181.00
180.00
180.00
180.00
180.00
181.00
180.00
180.00
179.00
180.00
179.50
179.00
179.00
180.00
180.00
180.00
179.50
180.00
180.00
180.00
180.00
180.00
180.00
179.50
180.00
180.50
179.00
180.00
180.00
180.00
179.00
187.00
187.50
180.00
179.00
179.00
179.00
179.00
179.00
179.00
179.00
179.00
179.00
179.00
179.00
187.50
200.00
199.00
201.50
202.00
202.00
196.50
195.50
195.50
195.00
194.50
194.00
193.00
195.00
195.00
195.00
190.00
191.00
190.00
190.00
190.00
190.00
190.00
191.00
189.50
189.00
190.00
190.00
189.00
189.00
194.50
200.00
199.00
187.50
187.00
188.00
187.50
187.00
188.00
198.00
202.50
203.00
195.00
198.00
191.00
190.00
188.00
199.00
201.00
199.00
198.50
198.00
198.50
202.50
202.00
204.50
187.00
201.00
203.50
198.00
202.25
198.00
201.50
199.75
198.00
199.00
202.25
183.00
198.00
200.50
200.50
199.00
200.50
199.00
198.00
201.50
202.50
199.00
201.00
199.75
200.50
201.00
200.25
199.00
202.50
199.75
198.00
202.50
200.00
201.50
198.00
201.50
201.50
199.50
199.00
202.50
201.00
202.50
202.50
198.00
202.50
200.25
200.75
198.00
199.00
200.00
200.00
199.50
200.75
198.00
201.00
197.75
199.00
200.00
199.50
200.50
199.00
210.50
217.00
218.00
221.00
221.75
224.00
199.50
196.50
198.00
198.00
200.00
199.50
200.50
196.50
197.00
201.50
196.50
198.00
197.00
198.00
198.50
200.50
200.50
198.75
198.00
199.50
199.50
199.50
195.00
198.00
189.50
183.00
181.00
181.00
181.00
182.00
184.00
182.00
183.00
184.00
183.50
183.00
184.00
182.50
182.00
182.00
183.00
184.00
184.50
183.50
183.00
183.00
184.00
184.50
183.00
184.50
183.50
184.00
182.00
184.00
182.50
180.00
182.00
179.00
179.00
186.00
184.00
184.00
182.50
182.00
187.00
185.00
185.00
183.00
184.00
188.00
184.00
184.00
185.00
183.50
184.00
183.50
181.50
181.00
182.50
186.00
187.00
183.00
184.00
185.00
184.00
187.00
182.50
185.00
182.00
183.00
182.00
184.00
183.00
184.00
181.00
195.00
190.50
195.00
206.00
210.25
206.00
200.00
195.00
196.50
195.00
194.50
191.00
195.00
192.50
196.50
190.00
195.00
194.00
195.00
194.00
202.00
199.00
197.00
203.00
200.25
201.50
198.00
197.50
197.00
197.00
197.50
198.00
199.00
192.00
193.50
195.00
193.00
195.50
195.00
189.00
198.00
196.00
194.00
194.00
194.00
188.00
194.00
188.00
192.00
192.00
190.00
193.00
192.00
187.00
189.00
193.00
193.00
190.00
194.00
193.00
195.25
194.00
194.00
196.50
193.00
194.00
194.25
193.00
195.00
193.50
198.50
178.00
180.00
180.00
181.00
180.00
180.00
180.00
179.00
179.50
181.50
183.00
180.00
183.50
180.50
182.00
182.50
180.00
181.00
180.00
179.00
180.00
178.00
179.50
182.00
180.00
180.00
180.00
179.00
178.00
178.50
179.00
178.00
178.50
178.00
177.00
176.00
156.50
157.00
156.50
155.50
156.00
157.00
157.00
156.50
157.00
156.50
156.00
157.00
156.00
156.00
157.00
157.00
156.50
156.50
157.00
156.50
156.00
156.00
161.50
158.50
158.00
157.00
157.50
157.00
157.00
157.50
157.00
157.00
157.00
158.00
157.00
157.00
157.00
158.00
157.00
156.50
157.00
158.00
155.50
156.00
156.00
156.50
157.00
158.00
157.50
157.00
157.00
158.00
157.00
157.00
157.00
157.00
157.00
157.00
158.00
157.50
158.00
157.00
156.50
158.00
157.00
156.00
156.00
155.00
155.00
155.50
155.00
157.00
156.00
155.00
157.00
156.50
156.00
156.00
156.00
155.00
155.50
156.00
155.00
155.00
156.00
156.00
156.00
156.00
156.00
155.00
156.00
156.00
156.00
157.00
156.00
155.50
156.00
157.00
156.00
156.50
155.00
156.00
157.00
155.00
155.00
156.00
156.00
156.50
155.00
155.00
155.50
157.00
158.50
158.00
159.00
158.50
158.00
160.00
159.00
159.50
158.00
158.50
158.50
160.00
158.00
159.50
158.00
159.00
157.00
156.00
155.00
156.00
155.00
156.00
157.00
156.50
155.00
157.00
156.00
155.00
155.00
156.00
156.00
155.00
156.00
156.50
156.00
156.00
156.00
155.00
156.00
155.50
156.00
157.00
156.00
156.00
156.00
156.00
156.00
156.00
187.00
166.50
155.00
155.00
155.00
154.50
155.00
154.00
156.00
154.00
155.00
155.00
155.00
155.00
154.50
155.00
234.00
235.00
235.50
235.00
235.00
235.00
235.00
235.00
234.00
234.50
235.00
234.50
234.00
234.00
234.50
234.50
235.00
234.00
234.00
234.00
234.00
234.50
234.00
234.00
234.00
234.00
234.50
236.00
234.50
234.50
224.00
223.00
223.00
224.00
223.00
223.00
223.00
223.00
223.00
223.50
224.00
224.50
225.00
224.00
224.00
223.00
224.00
224.00
224.00
223.00
223.00
225.00
223.00
224.00
223.50
224.00
223.00
224.00
223.00
223.00
223.00
223.00
223.00
223.00
223.00
223.00
223.00
223.00
223.00
223.00
223.00
223.00
223.00
223.00
232.50
232.00
234.00
223.50
223.00
223.00
223.00
1785.50
1768.00
1783.00
1786.00
1776.00
1775.00
1776.00
1784.00
229.00
1005.00
1784.50
1784.00
229.00
229.00
153.50
121.00
121.00
121.00
122.00
121.00
121.50
121.00
122.00
122.00
121.00
121.00
120.50
120.00
121.00
121.00
121.00
120.00
120.00
121.00
121.00
121.00
121.00
120.00
121.00
121.00
121.00
121.00
120.50
120.00
121.00
121.00
120.00
121.00
121.00
120.00
121.00
120.00
120.00
122.00
122.00
122.00
123.00
123.00
123.00
122.50
122.00
122.00
122.50
122.00
122.00
122.00
122.00
122.00
122.00
120.50
119.00
119.00
119.00
119.00
119.00
119.00
119.00
119.00
119.00
119.00
119.00
119.00
119.00
119.00
119.00
119.00
119.00
119.00
119.00
119.50
119.00
119.00
119.00
119.00
119.00
119.00
119.00
119.00
119.00
119.00
118.00
119.00
119.00
119.00
118.00
118.50
119.00
119.00
118.00
118.00
118.00
118.00
118.00
118.00
118.00
118.00
118.00
118.00
118.00
118.00
118.00
118.00
118.00
118.00
118.00
118.00
118.00
118.00
118.00
119.00
118.00
118.00
118.50
118.00
119.00
118.50
118.00
118.00
118.50
118.00
118.00
119.00
119.00
119.00
119.00
118.50
119.00
118.00
118.00
118.00
117.00
117.50
118.00
117.00
118.00
117.00
117.00
117.00
116.50
117.00
117.00
117.00
116.50
116.00
116.50
116.00
116.00
116.00
116.00
116.00
116.00
116.50
115.00
115.00
115.00
115.00
115.00
115.00
115.00
115.00
115.00
114.50
114.00
114.00
114.00
114.00
114.00
114.00
114.00
114.00
114.00
114.00
114.00
113.00
113.50
113.00
113.00
114.00
113.00
113.00
113.00
113.00
113.00
113.00
113.00
113.00
113.00
113.00
113.00
112.00
112.00
112.00
112.00
112.00
112.00
112.00
112.00
112.00
112.00
112.00
112.00
112.00
112.00
112.00
111.00
112.00
111.50
110.50
111.00
111.00
111.00
111.00
111.00
111.00
111.00
111.00
111.00
111.00
111.00
111.00
112.00
112.00
112.00
112.00
112.00
112.00
111.50
112.00
112.00
112.50
111.50
112.00
114.00
114.00
114.00
114.00
114.00
113.00
113.00
113.00
113.00
113.00
113.00
111.00
111.00
111.00
111.00
111.00
109.00
109.00
108.00
108.00
109.50
109.00
109.00
109.00
108.00
108.00
108.00
108.00
108.50
109.00
109.00
108.00
108.00
108.00
108.00
108.50
108.00
108.00
108.00
109.00
108.00
108.00
108.00
109.00
108.00
108.00
108.00
108.00
108.00
109.00
108.50
108.00
108.00
108.00
108.00
108.00
108.50
108.00
108.00
108.00
108.50
109.00
108.00
107.50
108.00
108.00
108.50
108.50
108.50
108.00
108.00
108.00
108.00
108.00
108.00
108.00
107.50
109.00
108.00
108.00
108.50
108.50
108.00
108.00
108.00
109.00
108.00
108.00
108.00
108.00
107.00
109.00
108.00
108.50
107.00
108.00
108.00
107.50
108.00
108.00
108.00
107.00
107.50
108.00
108.00
107.00
107.00
108.00
108.00
108.00
107.50
107.00
107.50
107.00
107.00
108.00
108.00
108.00
108.00
107.00
107.00
107.00
107.00
108.00
108.00
108.00
108.00
107.00
107.00
107.50
107.00
108.00
108.00
107.00
107.00
108.00
107.00
107.00
107.00
107.00
107.00
108.00
107.50
107.00
108.00
107.50
107.00
107.00
107.50
107.00
107.00
107.00
107.50
108.00
107.00
107.00
107.00
107.00
107.50
107.00
107.00
108.00
107.00
107.00
107.00
107.00
108.00
107.00
107.00
107.00
107.50
108.00
107.00
107.00
107.50
107.00
107.00
107.00
107.50
107.00
107.00
107.00
107.50
108.00
107.50
107.00
107.00
108.00
107.00
107.00
108.00
107.00
107.00
107.00
108.00
108.00
107.00
108.00
110.00
110.00
110.00
110.00
110.00
110.00
110.00
110.00
110.00
110.00
110.00
110.00
110.00
110.00
111.00
110.00
107.00
107.00
108.00
108.00
107.00
107.50
108.50
108.00
107.00
107.50
108.00
108.00
108.00
108.50
108.00
108.00
108.00
108.00
108.00
108.00
108.00
107.00
107.00
107.50
108.00
108.50
107.50
107.00
108.00
108.00
108.00
108.00
107.00
108.00
109.00
108.00
108.50
108.00
109.00
107.50
108.00
108.00
107.50
107.00
108.00
108.00
107.00
108.00
109.00
107.00
107.00
107.00
107.00
107.00
108.00
107.00
107.00
108.00
107.00
107.50
107.50
107.00
107.00
107.00
108.00
108.00
107.00
107.00
108.00
107.00
107.00
107.50
107.50
107.00
107.50
107.00
107.00
108.00
107.00
107.00
108.00
107.00
107.00
107.00
107.00
107.50
107.00
107.00
107.00
107.00
107.00
107.00
107.00
108.00
107.00
107.50
107.00
107.00
107.50
107.00
107.00
107.00
107.00
107.00
107.00
107.00
107.00
107.50
107.00
107.00
107.00
107.50
107.00
107.00
107.00
107.00
107.00
107.00
107.00
107.00
107.00
107.00
107.00
107.00
107.00
107.00
107.00
107.00
107.00
107.00
107.00
107.00
107.00
107.00
107.00
107.00
107.00
107.00
107.00
107.00
107.00
107.00
107.00
108.00
107.00
107.00
108.00
107.00
107.00
107.00
107.00
107.00
107.00
107.00
107.00
107.00
107.00
107.00
107.00
107.00
107.00
107.00
107.00
107.00
107.50
107.00
107.00
107.50
107.00
107.00
107.00
107.00
107.00
107.00
107.00
108.00
107.00
107.50
107.00
107.00
107.00
110.00
110.00
110.00
110.00
110.00
110.00
110.00
110.00
110.00
110.00
110.00
110.00
110.50
110.00
110.00
110.00
110.00
108.00
107.00
107.00
107.00
107.00
107.00
107.00
107.00
107.00
107.00
107.00
107.00
107.00
107.00
108.00
107.00
107.00
107.00
107.00
107.00
107.00
107.00
107.00
107.00
108.00
107.00
107.00
107.00
107.00
107.00
107.00
107.00
107.00
107.00
107.00
107.00
107.00
107.00
107.00
107.00
107.00
107.00
107.00
107.00
107.50
107.50
107.00
108.00
107.00
108.00
107.00
108.00
108.00
108.00
108.00
108.00
108.00
107.00
108.00
108.00
107.00
108.00
109.00
107.00
108.00
107.00
108.00
107.00
108.00
108.00
108.00
108.00
109.00
108.50
108.00
107.00
108.00
108.50
107.00
108.00
108.00
108.00
107.00
108.00
108.50
108.00
108.00
108.00
108.00
108.00
108.00
108.00
109.00
108.00
108.00
107.00
107.00
107.00
107.00
107.00
107.00
107.00
107.00
107.00
107.00
107.00
107.00
107.50
107.00
107.00
107.00
107.00
107.00
107.00
107.00
107.00
107.00
107.00
107.00
107.00
107.50
107.00
107.00
107.00
107.50
107.00
107.00
107.00
107.00
107.00
107.00
107.00
107.50
107.00
107.00
107.00
107.00
107.00
107.00
108.00
107.00
107.00
108.00
107.00
107.00
107.00
107.00
107.50
107.00
107.00
107.00
108.00
107.00
107.00
107.00
107.00
108.00
107.00
107.50
107.00
107.00
107.50
107.00
107.00
107.00
107.00
107.00
107.00
107.00
107.00
107.00
107.00
107.00
107.50
107.00
107.00
107.00
107.00
107.00
108.00
107.50
107.00
108.00
110.00
110.00
110.00
110.00
110.00
110.00
110.00
110.00
110.00
110.00
110.00
110.00
110.00
110.00
110.00
110.00
110.00
107.00
107.00
107.00
107.00
107.00
107.00
107.00
107.00
107.00
107.00
107.00
107.00
107.00
107.00
107.00
107.00
107.00
107.50
107.00
107.00
107.00
107.00
107.00
107.00
107.00
107.00
107.00
107.00
107.00
107.00
107.00
108.00
107.00
107.00
107.00
107.00
107.00
107.00
107.00
107.00
107.00
107.00
107.00
107.00
107.00
107.00
107.00
107.00
107.00
108.00
107.00
108.00
107.00
107.00
107.00
107.00
107.00
108.00
107.00
108.00
108.00
108.00
108.00
107.00
107.50
108.00
108.00
108.50
107.00
108.00
107.50
107.00
107.50
108.00
107.50
108.00
108.00
107.50
108.00
108.50
108.00
108.00
108.00
108.00
108.00
108.00
108.00
108.00
108.00
108.50
108.00
108.00
108.50
109.00
108.00
107.00
107.00
107.00
107.00
107.00
107.00
107.00
107.00
107.00
107.00
107.00
107.00
107.00
107.00
107.00
107.50
107.00
107.00
107.00
107.00
107.00
107.00
107.00
107.00
107.50
107.00
107.00
107.50
107.00
107.00
107.50
107.00
107.00
107.00
107.00
107.00
107.00
107.00
107.00
107.00
107.50
108.00
107.00
107.00
107.00
107.00
107.00
107.00
107.00
107.00
107.00
107.00
107.00
107.00
108.00
107.00
107.00
107.00
108.00
108.00
107.50
107.00
107.00
107.00
107.50
107.00
107.50
107.50
107.00
107.00
107.00
107.00
107.00
107.00
107.00
107.00
107.00
107.50
107.00
107.50
107.00
107.00
108.00
107.50
107.00
107.00
107.50
109.00
110.00
110.00
110.00
110.00
110.00
110.00
110.00
110.00
110.00
110.00
110.00
110.00
110.00
110.00
110.00
110.00
107.00
107.00
107.00
107.00
107.00
107.00
107.00
107.50
107.00
107.00
107.00
107.00
107.00
107.00
107.00
107.00
107.00
107.00
107.50
107.00
107.00
107.00
107.00
107.00
107.00
107.50
107.00
107.00
107.00
107.00
107.00
107.00
107.00
107.00
107.00
107.00
107.00
107.00
107.50
107.00
107.00
107.00
107.00
108.00
107.00
107.00
107.00
107.00
107.00
107.00
107.00
107.00
107.00
107.00
107.00
107.00
107.00
107.00
107.00
107.00
107.00
107.50
107.00
107.00
108.00
107.00
107.00
107.00
107.00
107.00
107.00
107.00
107.00
107.00
107.00
107.00
107.00
107.00
107.50
107.00
107.00
107.00
107.00
107.00
108.00
107.50
108.00
107.00
109.00
108.00
108.00
108.00
107.00
107.00
107.50
107.00
107.00
107.00
107.00
107.00
107.00
108.00
108.00
108.00
108.50
108.00
107.50
107.50
109.00
108.00
108.00
108.50
108.00
108.00
108.50
108.00
109.00
107.50
108.00
108.00
108.00
108.00
108.00
107.50
108.50
108.00
109.00
107.00
109.00
108.00
108.00
108.00
106.00
107.00
107.00
107.00
107.00
107.00
107.00
108.00
107.00
107.00
107.00
107.00
107.00
107.00
107.00
107.00
107.50
107.00
107.00
107.00
107.00
107.00
107.00
107.00
107.00
107.00
107.00
107.00
107.00
107.00
107.00
107.00
107.00
107.00
107.00
107.50
107.00
107.00
107.00
107.00
107.00
107.00
107.00
107.00
107.00
107.00
107.00
108.00
107.00
107.00
108.00
110.00
110.00
110.00
110.00
110.00
110.00
110.00
110.00
110.00
110.00
110.00
110.00
110.00
110.00
110.00
110.00
106.00
106.00
107.00
106.00
107.00
106.50
107.00
107.00
106.50
107.00
108.00
108.00
107.00
107.00
107.00
107.00
107.00
107.00
107.00
107.00
107.00
107.00
107.00
107.00
107.00
107.00
107.00
107.00
107.00
107.00
108.00
107.00
107.50
107.00
107.00
107.00
107.00
107.00
107.00
107.00
107.00
107.00
107.50
107.00
108.00
107.00
107.00
107.00
107.50
107.00
107.00
108.00
107.00
107.00
107.50
107.00
107.00
107.00
107.00
107.50
107.00
107.00
107.00
107.00
107.50
107.50
107.00
107.00
107.00
107.00
107.00
107.00
107.00
107.00
107.00
107.50
108.00
107.00
107.00
107.00
108.00
107.50
107.00
107.00
107.00
107.00
107.00
108.00
107.00
107.00
107.00
108.00
107.50
106.50
107.00
107.00
108.00
107.00
107.00
107.00
106.50
106.00
107.50
107.00
108.00
106.50
107.50
107.50
106.00
106.00
106.50
106.00
107.00
107.00
106.00
107.00
107.00
106.50
107.00
106.00
107.00
106.50
107.00
107.00
108.00
107.00
107.00
106.50
107.00
107.50
107.00
107.00
108.00
108.00
107.00
106.00
107.00
106.00
106.00
106.00
106.50
106.00
106.00
106.00
107.00
107.00
106.50
106.00
106.00
106.50
107.00
107.00
108.00
107.00
107.00
107.00
107.00
107.00
106.00
106.50
106.00
106.00
106.00
106.00
106.00
106.00
106.00
106.00
106.00
106.00
106.00
106.00
106.00
106.00
106.00
107.00
106.00
106.00
106.50
107.00
107.00
106.00
109.00
109.00
110.00
109.00
110.50
109.00
109.00
109.00
109.00
109.50
109.50
110.00
110.00
110.00
110.00
109.00
109.50
107.50
107.00
107.00
107.00
107.00
107.00
107.00
192.00
191.00
191.00
191.00
190.00
190.00
190.00
190.00
189.00
189.00
189.00
189.00
189.50
189.00
188.00
188.00
148.00
108.00
108.00
108.50
108.00
108.00
108.00
107.50
108.00
116.00
115.50
116.00
116.00
116.50
116.00
116.00
116.00
116.00
116.00
116.00
116.00
115.00
116.00
115.50
115.50
114.00
114.00
115.00
114.50
114.00
110.00
106.00
106.00
106.50
106.00
106.00
106.00
106.00
106.00
106.00
106.00
106.00
106.00
106.00
106.00
106.00
106.00
106.00
106.00
106.00
106.00
106.50
108.00
106.50
106.00
106.00
106.00
106.00
106.00
106.00
105.50
106.00
106.00
106.50
106.00
105.00
208.50
313.00
313.00
314.00
314.00
314.00
313.00
314.00
313.00
313.00
312.00
312.00
312.00
312.50
313.00
314.00
314.50
314.00
313.00
315.00
313.50
312.00
311.00
312.00
311.00
312.00
311.50
311.00
311.00
310.00
311.00
312.00
311.00
310.00
310.00
311.50
311.50
311.00
310.00
309.00
310.00
311.00
311.00
310.00
311.00
310.00
391.00
396.00
432.00
455.50
463.00
1543.00
1537.50
1535.50
1534.00
1517.00
1522.00
1525.00
1559.00
1553.00
1543.00
1518.50
1521.00
1531.00
1540.00
1543.00
1550.50
484.00
486.00
486.00
477.00
487.00
481.50
479.00
477.00
485.00
477.00
480.00
486.00
477.50
473.00
473.00
486.50
486.50
456.00
456.50
449.50
458.00
457.00
455.00
459.00
459.50
456.50
461.00
459.50
462.00
457.00
460.00
460.50
463.00
459.00
456.50
462.00
461.00
462.00
458.50
464.00
462.00
205.00
205.50
201.00
202.00
203.00
201.00
197.50
201.00
201.00
201.00
203.00
199.00
196.00
200.50
199.50
207.00
206.00
190.50
196.00
198.00
193.50
203.00
200.00
197.50
199.00
195.00
198.50
201.00
200.00
196.00
199.00
196.00
198.00
199.50
197.00
196.00
196.00
196.00
147.00
147.00
146.50
151.50
156.00
155.50
157.00
156.00
156.50
157.00
156.00
156.50
156.50
155.00
156.00
155.00
155.00
155.00
155.00
155.00
155.00
155.00
155.50
154.50
154.00
160.00
159.00
160.00
160.00
160.00
159.00
159.00
159.50
159.00
159.00
159.00
159.00
159.00
159.00
160.00
159.00
153.00
153.00
153.00
153.00
152.50
153.00
153.00
152.50
152.00
153.00
152.50
153.50
152.00
153.00
152.50
151.00
151.00
150.50
151.00
150.00
151.50
152.00
151.00
150.50
151.00
151.00
151.00
151.00
150.50
150.00
151.00
151.00
150.00
150.00
150.50
151.00
150.00
150.00
151.00
151.00
150.50
151.00
151.00
150.50
150.00
151.00
151.00
150.00
151.00
151.00
151.00
151.00
151.00
150.00
150.50
151.00
151.00
150.00
151.00
151.00
150.50
151.00
151.00
151.00
150.50
150.00
151.00
144.00
144.00
144.00
143.50
144.00
144.00
144.00
143.50
144.00
144.00
143.50
143.50
144.00
144.00
144.00
143.00
144.00
144.00
144.00
144.00
144.00
145.00
143.00
143.00
143.00
143.00
143.00
143.00
143.00
143.00
143.00
143.00
143.00
143.00
143.50
143.00
143.50
143.00
143.00
146.00
146.50
146.00
146.00
146.00
146.00
146.00
146.00
146.00
146.00
145.50
146.00
146.00
146.00
146.00
146.00
143.00
143.00
143.00
143.00
143.00
143.00
143.00
143.00
143.00
143.00
143.00
142.50
142.00
143.00
142.50
142.00
143.00
143.00
143.00
143.00
143.00
143.50
142.00
143.00
143.50
143.00
143.00
143.50
144.00
144.00
144.00
143.00
144.00
143.00
144.00
144.00
143.00
142.50
144.00
144.00
144.00
144.00
143.00
144.00
143.00
143.00
142.00
144.00
143.00
143.00
143.50
143.00
144.00
143.50
144.00
144.00
143.00
143.50
145.00
144.00
143.50
144.00
144.00
143.00
142.50
142.00
142.50
143.00
142.00
143.00
143.00
144.00
144.00
143.00
141.00
143.00
142.50
143.00
143.00
144.00
143.50
143.50
144.00
143.00
144.00
144.00
144.00
144.00
143.00
143.50
144.00
143.50
144.00
144.00
144.00
144.00
143.50
143.00
144.00
143.50
144.00
144.00
143.50
144.00
144.00
143.00
143.50
144.00
144.00
143.50
144.00
143.00
144.00
144.00
144.00
144.00
143.50
143.00
143.00
144.00
144.00
143.00
144.00
144.00
145.00
144.00
144.50
143.50
144.00
144.50
143.50
144.00
143.50
144.50
145.00
143.50
144.00
144.00
144.00
144.00
144.00
144.00
144.00
143.50
143.00
143.50
143.00
144.00
144.00
144.00
143.00
143.50
144.00
144.00
143.00
143.50
143.50
144.00
143.50
143.00
144.00
143.00
143.00
144.00
143.50
144.00
144.00
144.00
143.50
144.00
143.00
143.00
143.00
142.00
143.00
143.00
143.00
143.00
143.00
142.00
143.00
143.00
143.00
143.00
143.00
143.00
146.00
146.00
145.50
146.00
146.50
146.00
145.00
146.00
146.00
146.00
146.00
145.50
146.00
146.00
146.00
144.00
143.00
143.00
143.00
143.00
143.00
144.00
144.00
144.00
143.50
143.00
143.00
143.00
143.00
144.00
143.00
143.00
143.00
143.00
143.00
143.00
143.00
143.00
144.50
144.00
145.00
144.50
144.50
144.00
144.00
145.00
144.00
144.00
144.00
145.00
143.00
143.50
144.50
145.00
144.00
144.00
144.00
144.00
144.00
143.50
144.00
143.50
143.50
144.00
144.00
143.50
144.00
144.00
144.00
145.00
144.00
144.00
144.00
144.00
143.50
143.50
144.00
144.00
144.00
144.00
144.00
144.00
144.00
144.00
143.00
144.00
144.00
144.00
144.00
144.00
144.00
143.50
144.00
144.00
144.00
143.00
144.00
143.50
144.00
143.00
144.00
143.50
144.00
143.50
143.50
144.00
144.00
143.50
143.00
144.00
143.50
143.00
143.00
144.00
143.00
143.00
144.00
143.00
143.00
144.00
143.50
143.50
143.00
143.00
144.00
143.00
144.00
143.00
143.00
144.00
143.50
144.00
144.00
143.50
143.00
143.00
144.00
144.00
144.00
144.00
144.00
143.00
144.00
144.00
143.00
144.00
143.00
144.00
143.50
144.00
143.50
143.00
143.50
143.50
144.00
144.00
143.00
143.00
144.00
144.00
144.00
144.00
143.50
143.00
143.50
144.00
144.00
143.50
143.00
144.00
142.50
144.00
144.00
143.00
144.00
143.00
144.00
144.00
144.00
143.50
144.00
144.00
144.00
143.50
144.00
144.00
143.00
144.00
144.00
143.50
144.00
144.00
144.00
144.00
144.00
144.00
143.00
143.00
147.00
145.50
145.00
145.00
146.00
145.50
145.00
145.00
146.00
146.00
144.00
145.00
146.00
145.00
145.00
146.00
145.00
144.00
144.00
144.00
143.00
143.50
143.50
143.50
144.00
143.50
144.00
143.00
143.00
144.00
144.00
144.00
143.50
144.00
144.00
144.00
143.00
143.00
143.50
143.00
143.00
143.00
143.00
143.00
143.00
143.00
142.50
143.00
143.00
143.00
142.00
143.00
143.00
143.00
143.00
143.00
143.00
143.00
143.00
143.00
143.00
143.00
143.00
143.00
143.00
143.00
143.00
143.00
143.00
143.00
143.00
143.00
143.00
143.00
143.00
143.00
143.00
143.00
143.00
143.00
143.00
143.00
144.00
143.00
143.00
143.00
143.00
143.00
143.00
143.00
143.00
144.00
143.00
144.00
143.50
144.00
144.00
144.00
144.00
144.00
144.00
144.00
144.00
144.00
143.50
144.00
144.00
144.00
144.00
223.00
144.00
144.00
144.00
143.50
143.00
144.00
144.00
88.50
88.00
89.00
88.50
89.00
89.00
89.00
89.00
88.50
89.00
88.50
89.00
89.00
88.50
89.00
89.00
88.50
89.50
89.00
89.00
88.00
88.00
89.00
88.50
88.00
88.00
89.00
89.00
88.00
89.00
89.00
89.00
88.00
89.00
88.50
89.00
89.00
89.00
89.00
89.00
89.00
89.00
88.00
88.50
88.00
88.00
89.00
88.50
89.00
89.00
88.50
89.00
89.00
89.00
88.50
88.00
88.00
89.50
89.00
88.00
89.00
88.50
88.00
89.00
88.50
89.00
88.50
89.00
89.00
89.00
89.00
88.00
89.00
89.00
88.00
89.00
89.00
88.00
88.50
89.00
89.00
88.50
89.00
91.00
91.00
90.00
91.00
91.00
91.00
91.00
91.00
91.00
91.00
91.00
91.00
90.00
91.00
90.50
90.00
90.00
89.00
89.00
89.00
89.00
89.00
89.00
89.00
88.00
89.00
88.00
89.00
89.00
88.00
89.50
89.00
89.00
89.00
89.00
88.00
88.00
89.00
88.50
88.00
89.50
88.00
88.00
89.00
89.00
89.00
89.00
88.50
89.50
88.00
88.50
89.00
89.00
89.50
90.00
89.00
89.00
88.00
89.00
89.00
88.50
89.00
88.00
88.50
88.50
89.00
88.00
88.00
89.00
89.00
88.00
90.00
89.00
88.50
88.00
88.00
89.00
89.00
89.00
88.00
88.00
88.00
88.00
88.00
88.00
88.00
88.00
88.00
88.00
88.00
88.00
88.00
88.00
88.00
88.00
88.00
88.00
88.00
88.00
88.00
88.00
88.00
88.50
89.00
88.00
88.00
88.00
88.00
88.00
88.00
88.00
88.00
88.00
88.00
89.00
88.50
88.00
88.00
88.00
88.00
88.00
88.00
88.00
88.00
88.00
88.00
88.00
88.00
89.00
89.00
89.50
89.00
89.00
89.00
89.00
88.00
88.00
88.50
88.00
89.00
89.00
89.00
88.50
89.00
88.50
88.00
89.00
89.00
89.00
89.00
89.00
89.00
89.00
89.00
89.00
89.00
89.00
88.50
89.00
89.00
89.00
88.00
89.00
89.00
89.00
89.00
89.00
88.50
89.00
89.00
88.00
89.00
89.00
89.00
88.50
89.00
89.50
89.00
89.00
88.00
88.50
89.00
88.50
88.50
89.00
89.00
89.00
88.50
89.00
89.00
88.50
89.00
89.00
89.00
88.00
89.00
89.50
90.00
91.00
90.50
90.50
91.00
90.50
90.00
90.00
90.00
90.50
90.50
90.00
91.00
91.00
90.50
91.00
91.00
88.50
89.00
89.00
88.00
89.00
89.00
88.00
89.00
89.00
89.00
88.00
89.00
88.50
89.00
89.00
89.00
89.00
88.50
89.00
89.00
89.00
88.00
89.00
89.00
88.00
89.00
89.00
89.00
89.00
88.00
89.00
89.00
87.50
89.00
88.00
88.00
89.00
89.00
89.00
89.00
89.50
89.00
89.00
89.00
89.00
88.50
89.00
88.50
88.00
89.00
88.00
89.00
88.50
89.00
89.00
88.50
89.00
88.50
88.00
89.00
89.00
88.50
88.50
89.00
88.00
88.00
89.00
89.00
88.50
88.00
88.50
88.50
89.00
88.00
87.00
87.00
88.00
88.00
88.50
87.00
88.00
88.00
89.00
88.00
88.00
88.00
88.00
88.00
88.00
89.00
88.00
88.00
88.00
88.00
88.00
88.00
88.00
88.00
88.00
88.00
88.00
89.00
88.00
88.00
88.00
88.00
88.00
88.00
88.00
88.00
88.00
88.00
88.00
88.50
88.00
88.00
88.00
88.00
88.00
89.00
89.00
89.00
89.00
88.50
89.00
88.50
88.00
97.00
132.00
133.00
133.50
135.00
137.50
139.00
141.00
144.00
145.00
146.00
147.00
148.00
146.00
147.00
147.00
147.00
145.50
145.00
145.50
145.00
146.00
146.00
146.00
145.00
146.00
146.00
146.00
146.00
146.00
146.50
147.00
146.00
146.50
147.00
147.00
147.00
146.00
147.00
146.00
147.00
148.00
148.00
147.00
147.00
148.00
148.00
147.00
147.00
148.50
147.00
147.00
147.00
147.00
147.00
150.00
150.00
149.50
150.00
149.00
149.00
149.00
149.00
150.00
150.00
149.00
149.50
149.50
149.00
148.00
149.00
147.00
147.50
147.00
147.00
147.00
146.50
147.00
147.00
147.00
146.50
145.00
145.00
145.00
147.00
145.00
146.00
146.00
145.00
146.00
147.00
146.00
145.50
145.00
144.00
145.00
145.50
146.00
146.00
145.50
146.00
145.00
146.00
145.00
145.00
145.00
145.00
145.00
145.00
145.50
145.50
146.00
145.00
145.00
146.00
145.00
145.00
146.00
146.00
144.50
144.00
145.00
144.00
145.00
145.00
144.50
144.00
145.00
146.00
145.00
145.00
145.50
146.00
144.00
146.00
146.00
145.50
145.00
144.50
144.00
145.00
145.50
145.50
146.00
145.00
145.00
146.00
146.00
146.00
145.00
146.00
146.00
146.00
145.00
145.50
146.00
146.00
144.00
144.50
145.00
144.00
145.00
145.00
144.00
145.50
145.50
145.00
144.00
144.00
145.00
143.00
144.00
143.50
145.00
144.00
143.00
144.00
143.00
144.00
143.00
143.00
143.00
143.00
143.00
143.00
143.00
143.00
143.00
143.00
143.00
143.00
145.00
145.00
145.00
144.50
143.00
144.00
143.50
143.00
144.00
144.00
145.00
144.50
144.00
145.00
145.00
145.00
145.00
145.00
144.00
143.50
143.00
144.50
143.00
144.00
144.00
145.00
144.50
143.00
143.00
144.00
143.50
143.00
144.00
143.50
144.00
143.50
143.50
143.00
144.00
145.50
145.00
146.00
146.00
145.00
144.00
145.00
144.00
144.00
145.00
146.00
146.00
145.00
144.50
145.50
146.00
145.50
145.00
144.00
144.00
144.50
145.00
145.00
147.50
147.50
148.00
147.00
147.00
147.00
147.00
146.00
147.00
147.00
146.00
146.00
148.00
147.00
146.50
147.00
148.00
146.00
145.00
144.00
144.00
143.50
145.00
144.00
143.50
144.50
144.00
144.00
144.00
144.00
143.00
145.00
144.00
144.00
144.00
144.00
144.00
143.00
145.00
144.00
145.00
143.00
145.00
144.00
145.00
145.00
145.00
144.50
143.00
145.00
144.00
144.50
146.00
145.00
145.00
145.00
144.00
146.00
144.50
144.00
145.00
146.00
144.00
144.00
144.00
146.00
144.50
144.50
145.00
145.00
145.00
143.00
144.00
144.00
143.50
146.00
144.00
145.00
146.00
146.00
145.50
145.50
145.00
144.00
144.50
145.00
145.00
144.50
144.50
145.00
144.00
144.00
144.00
144.00
145.00
145.00
145.00
144.00
144.00
145.00
144.00
144.00
145.00
145.00
145.00
143.50
144.00
144.00
144.00
144.00
144.00
144.00
144.00
144.50
144.00
145.00
144.50
144.00
144.00
143.00
143.00
143.00
143.50
143.50
143.00
143.00
143.00
143.00
143.00
143.00
144.00
144.00
143.00
143.00
143.00
144.00
144.50
144.00
143.50
144.00
143.00
144.00
144.00
143.50
143.50
143.50
143.50
143.00
144.00
143.00
144.00
144.00
145.00
144.00
143.00
143.50
144.00
143.00
143.00
143.50
144.00
143.00
143.50
143.00
143.00
144.00
144.00
144.00
145.00
144.00
145.00
144.00
144.50
145.00
145.00
144.50
144.50
145.00
145.00
144.00
145.00
145.00
145.00
144.00
144.00
145.00
143.50
145.00
145.00
144.50
143.50
145.00
145.00
144.00
145.00
144.00
143.50
145.00
145.00
144.50
145.00
147.00
147.50
148.00
146.00
148.00
147.00
146.00
148.00
146.50
146.00
147.00
146.50
147.00
146.00
147.00
147.00
145.00
145.00
145.50
144.00
145.00
145.00
144.00
154.00
153.00
153.50
154.00
154.00
154.50
155.00
154.00
154.00
145.00
144.00
144.50
177.00
184.00
183.50
184.00
184.00
185.00
184.50
185.00
185.00
184.00
184.50
186.00
184.00
185.00
185.00
185.00
185.00
185.00
185.00
184.00
184.50
183.00
184.00
184.00
184.00
185.00
184.50
184.50
185.00
185.00
185.00
185.00
185.00
185.50
184.00
185.00
184.50
185.00
185.00
185.00
185.50
185.00
185.00
184.50
185.00
185.00
185.00
185.00
185.00
184.50
185.00
185.00
185.50
185.00
185.00
185.00
184.50
185.00
184.00
184.50
185.50
185.00
184.50
184.00
184.00
184.00
184.00
184.00
185.00
184.50
185.00
184.00
184.50
184.00
184.00
184.50
185.00
184.00
184.50
185.50
185.00
184.00
185.50
186.00
185.00
184.00
186.00
184.00
185.00
166.00
166.00
166.00
167.00
166.00
166.00
167.00
167.00
167.00
167.00
167.50
166.00
166.00
166.00
166.00
166.00
166.00
166.00
166.00
167.00
167.00
167.00
167.00
166.00
167.00
166.00
166.00
166.00
167.00
166.00
166.50
166.00
166.50
166.00
166.00
166.50
167.00
166.50
167.00
167.00
167.00
166.00
167.50
166.00
168.00
167.00
168.00
166.00
166.00
167.00
166.00
166.00
166.00
166.00
166.00
166.50
167.00
166.00
166.00
167.00
166.00
166.00
166.00
166.00
166.00
166.50
166.50
167.00
167.00
167.50
167.00
166.00
166.00
166.50
167.00
169.00
169.00
169.00
169.00
169.00
169.00
169.00
169.00
169.00
169.00
169.00
169.00
169.00
166.00
169.00
169.00
166.50
166.00
167.00
167.00
166.50
167.00
166.00
167.00
166.00
168.00
166.50
167.00
167.00
167.00
167.50
167.00
167.00
166.50
168.00
167.00
166.00
167.00
166.00
166.00
166.00
167.00
167.00
166.50
167.00
166.00
167.00
166.00
186.00
183.50
187.00
186.00
184.50
191.50
166.00
166.50
166.50
166.00
166.00
166.50
168.00
167.00
166.50
167.00
167.00
167.50
166.00
167.00
166.00
167.00
167.00
166.00
156.50
155.50
156.00
156.00
156.00
156.00
156.00
157.00
155.00
155.00
156.00
156.00
155.00
155.50
155.00
155.50
156.00
156.00
155.50
156.00
155.00
156.00
155.00
155.50
156.00
156.00
155.00
155.50
156.00
155.50
155.00
155.00
155.00
155.00
176.00
176.00
175.00
175.00
184.00
173.00
177.50
179.00
171.50
171.00
155.00
154.00
155.00
154.00
156.00
156.00
155.00
155.00
156.00
155.00
154.00
155.00
155.50
156.00
155.00
155.00
156.00
154.50
154.00
155.00
155.00
155.50
155.00
154.00
155.50
155.00
156.00
155.00
155.00
154.00
154.50
155.00
155.00
154.00
155.50
155.00
155.00
155.00
155.00
155.50
155.50
155.00
155.00
155.00
155.00
156.00
155.00
155.00
155.00
203.00
207.50
205.50
204.00
207.00
204.00
202.00
198.00
194.00
210.00
212.00
206.00
206.00
205.00
204.00
206.00
206.00
201.00
203.00
206.00
199.50
201.00
200.00
202.00
202.00
201.00
198.00
210.00
207.00
206.50
204.00
206.00
208.50
206.00
210.50
212.50
214.00
211.00
205.50
200.00
203.50
204.00
204.00
206.00
208.00
203.50
201.00
210.00
201.50
207.00
195.00
203.00
208.00
209.00
204.00
204.50
199.00
200.00
198.50
199.00
203.00
203.00
202.00
203.50
203.00
201.00
206.00
199.50
200.50
201.00
201.00
200.00
202.00
205.00
205.50
205.50
204.00
206.00
202.00
211.00
205.00
203.00
201.00
201.00
208.00
202.50
206.00
207.00
205.50
207.00
206.00
202.00
204.00
204.00
204.50
207.00
207.00
201.00
209.50
210.00
211.00
200.50
202.00
201.00
201.50
200.00
205.00
208.00
206.00
205.00
205.00
200.00
203.00
208.00
204.50
203.50
259.00
286.50
284.00
285.00
277.00
283.50
274.00
278.00
284.00
282.50
283.00
276.00
280.00
284.00
276.00
284.50
280.00
282.50
278.00
280.00
281.00
275.00
278.00
278.00
284.00
283.00
277.00
280.00
284.00
278.50
272.50
276.50
280.00
285.00
286.00
279.00
281.00
280.50
280.00
278.00
276.50
279.00
279.00
282.00
282.00
271.00
276.00
281.00
284.00
277.00
282.00
276.50
279.00
281.00
284.00
283.00
273.00
276.50
277.00
272.00
272.50
269.50
272.00
275.50
278.50
273.50
276.00
275.00
277.00
267.00
275.50
279.00
280.50
279.50
273.50
271.00
264.00
280.50
280.00
270.00
277.00
276.00
269.00
270.00
281.00
275.00
277.00
269.00
265.00
275.00
277.50
279.00
275.00
271.00
272.00
268.00
266.00
270.00
268.00
271.00
267.50
268.00
278.00
280.50
279.00
276.00
271.50
276.00
270.00
270.00
270.00
274.00
277.50
276.00
277.00
283.00
277.50
280.00
283.00
277.50
281.00
278.00
283.00
279.50
273.00
278.00
277.50
276.00
275.00
277.50
267.00
269.00
272.50
273.00
272.00
277.00
274.50
276.50
275.00
271.00
267.00
278.00
282.50
276.00
282.50
283.50
282.00
275.00
274.00
272.00
265.00
280.50
236.00
236.00
236.50
236.50
236.00
237.00
237.00
240.00
240.00
239.50
238.00
238.00
237.50
239.00
238.00
238.50
237.00
238.00
237.50
237.50
237.00
236.00
236.50
236.00
225.00
225.00
224.50
224.00
224.00
243.50
246.00
259.50
265.00
247.00
253.00
252.50
247.00
241.00
243.00
241.00
242.00
241.50
240.00
241.00
241.00
241.50
241.50
242.00
241.00
242.50
243.00
243.50
243.50
243.00
252.00
242.00
243.00
249.00
242.00
227.00
227.00
226.00
226.00
227.00
227.50
225.00
223.00
223.00
222.50
222.50
224.00
223.00
223.00
223.00
223.00
222.00
223.00
222.00
222.00
222.00
223.00
223.00
222.00
222.00
221.50
222.00
222.00
222.50
223.00
222.00
222.00
223.00
223.00
223.50
224.00
224.00
223.50
224.00
224.00
224.00
224.00
224.00
224.00
224.00
224.00
224.00
225.00
224.00
224.00
224.00
224.00
224.00
224.00
225.00
224.00
225.00
224.50
225.00
225.00
225.50
225.00
224.00
224.00
224.50
225.50
226.00
227.00
225.50
225.00
224.50
224.00
224.00
224.00
225.00
226.50
225.00
225.50
225.00
214.00
214.00
214.00
213.00
212.50
213.00
213.00
213.00
213.00
213.00
212.00
212.00
212.00
212.00
212.50
212.00
105.00
105.00
105.00
105.00
105.00
105.00
105.00
105.00
105.00
105.00
105.00
105.00
105.00
105.00
105.00
105.00
105.00
105.00
105.00
105.00
105.00
105.00
105.00
105.00
105.00
105.00
105.00
105.00
105.00
105.00
105.00
105.00
105.00
105.00
105.00
105.00
105.00
105.00
105.00
105.00
105.00
105.00
105.00
105.00
105.00
105.00
105.00
105.00
105.00
105.00
105.00
105.00
