106.50
106.00
107.00
106.00
105.50
107.00
106.50
107.50
107.00
106.00
106.00
106.00
107.00
112.00
106.00
106.00
106.00
105.50
105.00
107.00
106.50
106.00
106.50
106.50
106.00
106.00
106.00
105.50
106.00
106.00
108.50
107.00
106.00
106.00
106.00
106.00
105.50
106.00
106.00
107.00
106.00
106.00
106.00
107.00
106.00
108.00
105.50
107.00
106.00
107.00
108.50
106.00
107.00
109.00
107.00
106.00
106.00
106.00
106.50
106.50
106.50
106.00
106.00
106.50
106.00
106.00
106.00
106.00
106.00
106.50
107.00
106.00
106.50
107.50
107.00
107.00
106.50
106.00
109.50
105.50
107.00
107.00
107.00
106.00
107.00
107.00
107.00
105.00
106.00
107.50
107.00
105.00
105.50
106.00
106.00
105.50
105.50
106.00
105.00
105.50
105.00
106.00
108.00
108.00
108.00
108.50
108.00
111.00
108.00
111.00
108.00
108.00
108.50
108.00
108.00
108.00
108.00
108.00
105.00
106.00
107.00
105.00
105.00
106.00
105.00
105.00
105.00
106.00
105.00
106.00
105.50
106.50
26.00
26.00
27.50
27.00
26.00
27.00
26.50
27.00
25.00
110.50
115.00
118.00
120.00
124.50
126.00
128.50
132.00
136.00
136.00
137.50
139.00
140.00
138.00
137.00
138.00
137.00
136.00
135.00
134.00
134.50
135.00
135.00
134.00
134.00
134.00
134.50
135.00
134.50
135.00
134.00
136.00
135.00
139.00
136.00
136.00
136.50
137.50
137.00
136.00
139.00
137.00
137.00
678.00
1210.00
1209.00
1207.50
1207.50
1208.00
1207.00
1207.00
1183.00
1182.00
1184.00
1185.00
1209.00
1208.50
1210.00
1203.00
1201.50
657.50
137.00
137.00
137.50
138.00
138.00
138.00
139.00
137.00
140.50
137.50
138.00
149.00
149.00
150.00
150.00
150.50
151.00
151.00
151.00
150.50
151.00
150.00
150.00
150.00
150.00
149.50
149.00
149.00
149.00
149.00
149.00
149.50
149.00
148.50
149.00
149.00
148.00
148.00
147.00
147.50
147.00
148.00
149.00
148.00
147.00
148.50
149.00
148.00
147.50
148.00
148.00
149.00
167.50
188.00
203.50
191.50
194.50
194.00
202.50
197.00
201.00
194.00
195.00
197.00
200.00
201.50
195.50
203.00
199.00
198.00
197.00
199.50
188.00
197.00
196.00
196.50
192.00
192.50
190.50
185.00
199.00
188.00
193.00
199.00
197.00
197.00
195.00
194.00
199.00
192.00
191.00
196.00
200.00
194.50
194.00
198.00
201.00
194.50
203.00
202.00
193.00
201.00
199.00
198.00
193.00
197.00
197.50
195.00
193.00
193.00
190.50
195.00
199.00
189.50
194.00
194.00
192.00
194.50
193.00
179.00
191.50
194.00
216.00
222.50
212.50
234.00
229.50
227.50
224.00
231.00
238.50
231.00
223.00
218.00
232.00
219.00
216.50
214.00
220.00
210.00
214.00
214.00
215.00
217.00
217.00
208.50
214.00
212.00
223.00
214.00
210.00
214.00
213.00
207.00
205.00
210.00
206.50
217.50
237.00
233.50
236.50
243.00
242.00
238.50
235.00
241.00
249.50
241.00
240.00
231.00
249.50
262.00
259.00
254.50
251.50
236.00
239.00
241.00
239.00
239.50
238.00
238.00
233.00
234.00
243.00
250.50
247.50
234.00
236.50
240.50
240.00
239.00
241.00
239.50
238.00
239.00
238.00
233.50
236.00
241.00
242.00
241.50
244.00
239.50
234.00
235.00
238.00
238.00
238.50
498.50
502.00
497.00
493.50
492.00
496.00
492.00
499.00
500.00
491.50
493.50
501.00
486.00
486.00
486.00
491.00
494.50
494.00
496.00
500.50
490.00
500.00
493.00
503.00
489.00
494.00
490.00
512.00
491.00
503.50
497.00
496.00
490.00
497.50
493.00
486.00
497.00
492.00
500.00
501.00
493.00
493.00
482.00
491.00
487.00
491.00
493.00
503.50
478.00
462.50
466.00
464.50
466.00
466.00
453.00
462.00
469.50
481.00
469.00
468.00
474.00
471.00
482.00
226.00
224.00
200.00
193.00
193.00
194.00
214.00
226.00
236.00
226.00
233.00
240.00
237.00
236.50
224.50
238.00
233.50
232.00
242.00
243.50
231.00
233.00
223.50
224.00
183.00
184.00
183.00
183.00
183.00
183.50
184.50
183.00
184.00
183.50
180.00
180.50
180.50
181.00
181.00
180.50
181.00
176.00
176.00
176.00
175.00
176.00
176.00
176.00
173.00
173.00
173.00
173.00
173.00
174.00
173.00
171.50
170.00
171.00
179.50
182.00
180.00
181.00
180.00
177.50
177.00
177.50
177.00
177.00
178.50
177.00
169.00
168.50
168.50
168.00
169.00
171.50
169.00
168.00
171.00
168.00
168.00
167.00
167.50
167.50
169.00
157.50
157.00
158.00
157.00
156.50
51.00
50.00
49.50
49.00
52.00
49.00
50.00
50.00
50.50
50.00
50.00
49.50
49.00
49.00
50.00
49.50
50.00
50.00
49.50
50.00
50.00
51.50
50.00
53.00
50.00
50.00
50.00
50.00
50.00
50.00
50.00
50.50
50.00
50.00
50.00
50.00
50.00
50.00
50.00
50.00
51.00
50.50
50.00
50.00
50.00
50.00
50.00
53.00
50.00
50.00
50.00
50.00
50.00
49.00
50.00
50.00
50.00
51.50
50.00
50.00
50.50
49.50
50.00
49.00
50.50
50.00
51.00
50.50
50.00
51.00
50.00
50.00
50.00
52.00
49.00
50.00
49.00
49.00
48.00
52.00
48.00
48.00
48.00
137.00
47.00
48.00
46.00
47.00
46.00
46.00
45.50
46.00
46.00
45.00
45.00
45.00
45.50
44.00
44.00
45.00
43.00
44.00
43.50
45.50
44.00
43.00
42.00
44.00
42.00
42.50
42.00
42.00
41.50
41.00
47.00
40.00
124.00
122.50
122.00
124.00
122.00
121.00
121.00
121.00
120.00
120.00
120.00
119.00
120.50
122.50
119.00
118.00
120.00
120.00
121.00
122.50
121.00
120.00
119.00
122.00
119.00
119.00
119.00
118.00
118.00
118.00
117.00
118.00
118.00
115.50
115.00
121.00
123.50
121.00
123.00
121.00
121.00
121.50
120.50
119.50
120.00
119.50
119.00
122.00
120.00
120.00
119.00
115.50
113.00
112.00
112.00
112.50
113.00
112.00
113.50
112.00
111.00
73.00
33.00
34.00
34.00
33.00
34.00
33.00
33.50
34.00
34.00
33.50
34.00
34.00
33.00
32.00
35.00
33.00
32.00
33.00
33.00
36.00
31.00
33.00
32.00
32.00
33.00
34.00
33.00
31.00
26.00
26.00
27.00
26.00
26.00
26.00
26.00
27.00
26.00
26.00
25.50
25.00
26.00
26.00
26.00
26.00
26.00
26.00
26.00
27.00
26.00
26.00
26.00
27.50
26.00
26.00
26.00
28.00
26.00
26.00
26.00
26.00
26.00
27.00
25.00
26.00
26.00
26.00
26.00
29.00
27.00
26.00
25.50
30.00
25.00
25.00
27.50
26.00
26.00
26.50
25.00
26.00
26.50
31.00
26.00
25.50
26.00
26.00
29.00
26.50
27.00
26.00
29.50
26.00
26.00
26.00
26.00
26.00
26.00
26.00
26.00
25.50
25.00
25.00
26.00
25.00
25.00
25.00
25.00
26.00
26.00
26.00
25.00
26.00
27.50
25.00
25.00
25.50
27.50
26.00
25.00
26.00
25.00
25.50
25.50
25.00
25.50
26.00
26.00
25.00
28.50
26.00
26.00
25.00
25.50
26.00
25.00
25.50
26.00
25.00
26.00
25.50
26.00
25.00
25.50
25.00
26.00
26.00
25.00
25.00
25.00
26.00
28.00
28.00
28.00
28.00
28.00
30.00
28.00
32.00
29.00
28.00
28.00
28.00
29.00
28.00
28.00
28.50
28.00
25.50
26.50
26.00
27.00
25.50
26.00
26.00
25.00
28.50
27.00
27.00
25.50
26.00
27.00
25.50
26.00
25.00
109.50
115.00
116.00
120.00
1190.50
1191.00
1190.00
1192.00
1193.00
1195.00
1196.00
1197.00
1196.00
1198.00
1198.00
1196.00
1198.00
1196.00
1195.00
663.50
137.50
138.00
137.50
138.50
137.00
143.00
146.00
144.00
143.00
143.50
143.00
146.00
143.50
143.50
143.00
145.00
143.00
143.00
143.00
142.50
143.00
142.00
143.50
143.00
143.00
145.50
696.00
674.00
733.00
684.00
672.50
653.00
628.00
671.00
670.00
563.75
642.75
609.50
579.00
581.00
670.50
643.50
674.75
522.50
624.50
604.00
613.00
562.50
571.50
607.75
497.50
541.50
572.75
582.00
534.00
533.75
512.00
527.00
294.75
627.25
625.00
658.25
621.25
595.00
552.50
569.25
599.75
529.00
523.25
491.25
504.50
514.50
100.50
101.00
100.00
97.00
98.00
96.00
96.50
96.00
97.00
98.00
99.50
97.00
97.00
95.00
96.00
582.00
547.50
545.00
548.50
562.00
463.00
595.00
612.00
590.25
629.50
631.00
582.75
539.50
565.75
541.50
502.25
508.00
417.00
448.75
458.00
526.00
545.00
371.50
92.00
91.00
90.50
92.00
91.00
90.00
91.00
91.00
93.50
91.00
90.00
90.50
92.00
91.00
90.00
93.50
90.00
90.50
92.50
91.00
90.00
94.50
91.00
91.00
91.00
91.50
91.50
90.00
90.50
90.00
90.50
90.00
90.50
92.00
90.00
91.50
91.50
93.00
91.50
95.50
93.00
92.00
92.50
92.00
92.00
91.50
92.50
94.00
92.00
92.50
92.00
91.00
90.00
90.00
90.00
89.50
89.00
90.00
89.00
89.50
90.00
91.50
93.00
90.00
90.00
90.00
90.00
90.00
89.50
91.50
90.00
89.00
89.00
89.00
89.00
92.50
89.00
89.00
93.00
89.00
88.50
89.00
89.50
90.00
89.00
92.00
89.00
89.50
99.00
99.00
89.00
92.00
122.50
119.00
118.00
120.00
121.00
119.00
130.50
127.00
133.00
132.00
119.00
119.00
118.50
120.50
120.00
118.00
122.00
116.00
113.50
110.50
110.00
110.50
109.00
113.00
110.00
111.00
113.50
116.00
110.50
110.50
112.00
109.00
109.50
110.00
113.00
111.00
110.00
110.00
110.00
115.00
112.00
110.00
111.00
110.00
112.00
110.00
114.00
115.00
112.00
112.50
120.00
90.00
5964.25
5864.75
5803.00
8443.00
8418.50
8400.50
8392.50
8388.00
8384.50
8396.50
7138.75
8384.75
8368.00
8364.00
8359.75
8364.50
8363.50
8353.00
2766.00
2766.50
2768.00
2767.50
2764.00
2768.50
2762.50
2759.00
2764.00
3265.00
6280.00
7505.00
8796.25
6042.25
3229.00
3258.00
3211.00
3121.00
3216.50
3223.75
3207.00
3263.00
3204.00
588.00
580.00
546.75
3239.00
3201.00
3168.50
3178.75
3205.50
8737.25
8708.50
8832.00
3249.50
551.50
516.00
3420.00
3257.50
3263.75
3295.50
3249.50
3198.25
8719.50
8556.75
8857.50
8835.00
688.00
656.75
3284.50
3243.00
3175.50
3298.75
3345.25
3261.00
3228.25
6253.00
6241.50
8530.50
8438.50
8429.50
8423.75
8488.50
2883.50
2855.00
2847.50
2845.50
194.00
1576.75
2879.50
2851.00
2848.50
2847.50
3264.00
8842.00
8913.50
8857.00
6293.00
6204.50
3380.00
3377.00
3399.00
3383.75
3313.50
3350.25
8899.00
6293.50
6353.50
8853.00
8810.50
3254.50
3263.75
3194.25
3228.75
3242.50
609.50
157.00
2898.75
2844.00
2830.00
2829.00
2827.00
2827.50
2828.00
162.00
157.00
157.50
159.00
159.50
157.00
159.00
162.50
159.00
2889.25
2828.75
2826.00
2829.50
2833.00
2832.00
2827.50
2826.00
2827.50
156.00
161.00
160.50
155.00
156.50
157.00
155.50
156.00
157.00
156.00
154.00
155.00
155.00
157.00
2878.00
2839.50
2857.00
2857.50
2850.00
2853.50
2851.50
175.00
179.50
174.00
181.00
174.00
180.00
177.00
182.00
182.00
176.00
175.00
179.00
177.00
174.00
176.00
2891.50
2865.50
2852.50
2854.50
2846.50
2842.50
176.00
173.00
177.00
172.50
173.00
171.50
171.50
175.00
176.00
174.00
173.50
173.00
177.00
176.00
177.00
177.00
179.50
178.00
175.00
174.00
175.00
175.00
174.00
174.50
171.00
172.00
172.50
203.00
198.00
207.00
204.00
213.00
216.00
181.50
183.00
179.00
185.50
183.00
184.00
182.50
179.00
173.00
174.50
171.50
180.00
178.00
177.50
178.00
180.00
177.50
174.50
177.00
178.00
178.00
173.00
173.00
147.00
147.50
148.00
147.00
148.50
147.00
147.50
149.00
147.50
1514.50
2839.00
2829.00
2826.00
2825.00
2820.50
2823.00
2823.00
2822.00
2820.50
2818.00
2818.50
2813.00
2812.50
2813.00
2813.00
2815.50
2828.50
159.50
159.00
2877.50
2836.50
2830.00
2833.00
2827.50
3364.50
3242.75
3249.50
3264.50
648.00
612.00
3321.00
3288.25
3337.50
3231.50
3282.00
3270.50
3241.50
3326.50
3222.50
614.00
616.50
3288.25
3294.25
3280.50
3298.50
3278.25
3216.50
3273.00
3291.75
3304.00
600.50
565.75
3328.00
3331.00
3274.00
3252.25
3323.50
3254.50
3193.50
552.50
154.00
3490.50
3353.75
3363.00
3342.00
3337.50
3209.00
3233.00
3269.75
3271.00
625.00
567.00
3255.00
3205.00
2829.00
2829.00
2828.50
2822.00
2822.00
2822.00
151.00
151.50
1557.75
2848.50
3248.50
3305.75
3264.50
3205.00
3199.50
3169.50
704.00
2024.25
3328.75
3309.00
3281.25
3194.75
3203.25
3232.00
3238.50
534.50
524.00
585.75
3246.50
3189.50
3229.50
3264.25
2812.00
2810.00
1477.25
145.00
2876.00
2813.25
2803.50
2802.50
2801.75
2806.50
2803.50
2803.50
145.00
144.00
2861.00
2810.50
2808.50
2806.00
2806.00
2806.00
145.00
143.50
2875.50
2836.50
2816.75
2805.50
2803.50
2803.50
2803.50
145.00
145.00
2882.00
2845.50
2832.50
2839.00
2846.00
2816.00
147.50
147.00
2848.50
2821.00
2815.25
2813.00
2813.50
1476.50
144.00
2886.75
2820.00
2817.00
2816.00
2813.75
145.00
143.00
2855.00
2818.00
2815.00
2821.00
2817.25
2742.00
25.50
25.00
2714.00
2690.00
2681.50
2681.00
2679.50
26.00
25.50
2771.00
2692.50
2689.50
2682.50
2688.50
26.50
26.00
2717.50
2686.00
2682.00
2689.50
2680.00
25.50
26.00
2733.50
2688.75
2693.50
2686.00
2685.50
27.50
26.00
2752.00
2698.25
36.00
26.00
25.50
25.00
27.00
25.00
26.00
25.00
26.50
25.50
2762.00
2703.50
2694.00
2686.00
2685.00
2683.75
2684.50
2681.50
2682.50
26.00
31.00
2745.00
2687.00
2685.00
26.00
27.00
26.00
25.00
26.00
26.00
27.00
29.00
26.00
26.00
25.50
2757.00
2707.50
2731.75
2734.00
2776.50
2781.00
2784.50
2783.00
2778.00
124.00
125.00
2826.50
2802.00
128.50
127.00
132.00
129.50
134.00
133.00
128.50
129.00
130.00
128.00
130.00
124.00
127.00
125.00
128.00
131.00
131.00
126.00
126.00
125.00
127.00
126.50
131.00
126.50
124.00
126.00
124.00
125.00
125.00
127.00
126.00
128.00
128.00
125.50
127.00
125.50
123.00
126.00
125.50
124.00
127.00
130.00
126.50
127.00
125.50
125.50
126.00
124.00
126.50
128.00
125.00
125.00
124.00
126.50
124.50
126.00
125.00
133.00
129.00
126.50
123.00
125.00
125.00
126.00
125.50
130.50
131.00
132.00
131.50
121.50
117.00
121.50
128.00
126.00
123.00
133.00
130.00
137.00
137.50
119.50
130.00
1497.00
2817.50
2814.00
2806.50
2803.50
2792.50
2786.50
2787.25
2792.50
2789.00
123.50
130.00
130.00
134.00
122.50
122.00
163.00
2962.25
2864.00
2862.50
2850.00
177.00
175.00
185.00
177.50
180.00
185.50
178.50
175.50
172.00
2892.50
2842.50
2855.50
2847.25
175.00
168.50
173.00
168.00
166.00
168.00
162.50
166.00
167.00
2873.00
2852.00
2846.00
165.00
165.00
165.00
167.00
173.00
166.00
174.00
168.00
165.50
167.00
2862.75
2852.50
2844.50
166.00
159.00
164.00
162.00
161.50
163.00
169.00
163.50
163.50
2922.50
2869.50
2852.50
2842.50
160.50
156.00
122.00
119.00
118.50
125.00
127.00
122.50
129.00
129.50
3161.00
2822.75
2821.00
2804.50
120.50
124.00
145.50
145.50
148.00
151.50
155.00
156.00
146.00
134.00
138.00
140.00
145.00
145.00
145.00
140.00
151.00
147.50
141.00
139.00
141.00
139.00
139.00
137.50
142.00
144.00
138.50
141.00
137.00
137.00
135.50
133.00
96.00
97.00
97.00
97.00
95.50
97.00
97.00
96.50
94.00
92.50
95.50
92.00
93.00
95.50
93.00
92.00
92.00
92.00
93.00
91.00
91.50
94.00
92.00
92.00
91.00
90.00
91.00
91.00
91.00
91.50
96.50
92.00
90.00
93.00
91.00
90.00
90.50
89.50
89.00
91.50
90.00
90.00
89.00
91.50
89.50
88.00
88.50
91.50
88.00
90.50
92.00
88.50
88.00
93.00
90.50
89.00
90.00
88.00
89.00
90.50
94.00
88.00
88.00
87.50
88.00
88.00
88.00
89.00
39.00
37.00
34.50
35.00
34.00
33.50
35.00
36.00
33.50
35.00
35.00
35.50
34.00
34.00
37.50
34.00
35.00
35.00
35.00
35.00
35.00
35.50
35.00
34.00
33.50
34.00
34.00
34.50
34.00
38.00
29.50
24.50
30.00
25.00
25.00
25.00
27.00
24.50
30.00
27.00
25.50
25.00
25.00
26.00
27.50
31.00
26.00
28.50
26.00
27.00
25.00
25.00
26.00
29.50
28.00
25.00
26.00
31.00
31.50
32.00
31.00
32.00
31.00
31.00
36.00
35.00
39.00
32.00
31.00
31.50
31.00
31.00
30.00
31.00
31.00
34.00
33.50
478.50
572.50
514.75
493.75
489.50
526.50
564.50
458.50
458.50
478.50
535.00
480.50
434.25
521.00
454.50
438.00
515.00
476.00
462.50
476.75
441.00
480.50
536.50
454.50
530.00
447.00
475.25
439.00
478.00
479.75
507.00
372.00
479.75
501.75
509.00
438.00
190.00
605.00
571.50
533.75
535.00
488.00
479.25
600.00
517.00
461.00
463.25
466.00
455.50
454.50
38.00
38.00
37.50
41.50
35.00
40.00
34.50
36.00
34.00
34.00
36.00
37.00
34.50
32.00
34.00
452.75
472.00
539.50
489.00
514.00
542.00
532.00
497.00
553.00
552.00
495.00
526.50
510.50
467.00
445.50
442.00
472.50
471.50
432.50
463.50
439.75
383.75
357.50
26.00
26.00
26.00
26.00
26.00
25.00
25.00
29.50
26.50
31.00
25.00
27.00
24.00
27.00
25.50
26.00
27.00
25.50
28.50
26.00
26.00
29.00
30.00
29.00
31.00
29.00
25.00
26.00
29.00
30.00
26.00
26.50
31.00
26.00
27.00
26.00
31.00
51.50
61.00
55.00
58.50
54.00
44.00
55.00
54.00
57.00
58.00
56.00
58.00
57.00
44.00
44.00
43.00
48.50
43.00
47.00
44.50
44.00
46.00
46.00
50.50
41.00
43.00
43.50
42.00
42.00
41.50
43.00
43.00
44.50
43.00
42.00
45.00
46.00
46.00
41.00
43.50
43.00
43.00
46.50
45.00
43.00
44.00
45.00
45.00
47.00
42.50
44.00
51.00
57.00
48.00
54.00
61.50
56.00
60.00
54.00
57.00
48.00
46.00
50.00
58.00
53.00
55.00
49.00
55.00
51.50
53.00
50.00
48.00
51.00
54.00
48.50
58.00
46.00
54.00
53.00
53.00
47.50
47.00
48.00
51.00
49.00
49.00
48.00
46.00
49.50
48.00
46.00
48.50
49.00
46.00
51.50
48.00
48.00
48.00
51.00
52.00
55.00
48.00
56.00
53.00
45.00
49.00
57.00
46.00
49.50
46.00
51.00
46.00
53.00
45.50
49.00
48.00
46.00
62.00
49.50
54.00
49.50
51.00
51.00
59.00
50.50
51.00
53.50
50.00
49.00
59.00
50.00
62.00
50.00
53.00
49.00
49.00
45.50
51.00
53.00
51.00
56.50
52.50
53.00
47.00
48.00
50.00
51.00
49.00
48.00
50.00
57.00
47.00
49.00
55.50
48.00
47.00
52.00
51.00
49.00
50.00
48.00
55.50
46.00
49.50
53.00
58.00
51.50
51.00
47.00
45.50
54.50
50.00
57.00
46.00
46.00
50.00
56.00
60.00
48.00
50.50
53.00
50.00
51.50
50.00
51.00
50.50
50.00
50.00
48.00
55.00
50.00
59.00
52.50
49.00
49.00
49.00
62.00
52.00
47.50
51.00
58.00
55.50
54.50
53.00
50.00
53.00
48.00
48.00
51.00
51.00
50.00
51.00
50.00
44.50
57.00
48.00
49.00
47.00
54.50
57.00
49.00
53.00
47.50
47.00
48.00
49.50
49.00
49.00
53.50
58.00
49.00
52.50
48.00
51.00
48.00
48.00
50.00
47.00
49.00
82.00
101.00
94.50
99.00
99.50
97.00
104.00
106.00
103.00
106.00
113.00
108.50
108.00
107.00
107.00
104.00
103.00
106.00
104.00
107.00
104.00
108.00
113.50
107.00
104.00
106.50
105.50
112.00
105.50
109.50
107.00
106.50
107.00
109.00
117.00
117.50
107.00
109.00
110.00
117.00
117.50
120.50
121.50
124.00
116.50
107.00
118.00
90.00
85.00
86.00
85.00
84.50
84.00
85.00
84.50
90.00
85.00
88.00
110.50
114.00
110.00
117.00
128.00
130.00
129.50
131.50
126.00
129.00
131.00
118.00
110.50
108.00
111.00
112.00
110.00
104.50
108.00
107.00
106.00
108.00
107.00
106.50
116.00
117.00
115.00
115.50
115.00
116.00
114.00
116.00
118.00
117.00
115.50
115.00
112.00
112.00
111.00
113.00
157.50
162.00
160.00
165.50
163.00
165.50
162.50
176.00
144.50
145.00
146.50
149.00
149.00
150.00
150.00
150.00
149.00
148.00
147.00
147.50
148.50
148.00
147.50
147.50
148.00
147.00
148.50
148.00
148.00
148.00
148.00
146.00
146.00
147.00
147.00
147.00
147.00
148.50
146.00
147.00
146.00
146.00
146.00
147.00
147.00
146.50
146.00
147.00
146.00
146.00
146.00
146.00
148.50
147.00
146.00
149.50
146.50
146.00
146.00
147.50
146.00
146.00
146.00
146.00
146.00
146.00
148.50
146.00
146.00
146.50
146.00
147.00
147.50
146.00
146.00
148.00
147.00
148.00
148.50
149.50
147.00
147.00
147.00
149.00
147.00
147.00
147.00
147.50
148.00
175.00
168.00
168.00
173.50
167.00
171.00
166.00
171.00
167.00
169.00
177.00
146.00
147.00
146.50
147.00
146.00
147.00
146.50
148.00
145.00
147.00
147.00
147.00
147.50
149.00
146.50
147.00
145.50
148.00
146.00
147.00
146.00
145.50
146.50
147.00
147.00
147.00
147.00
147.00
146.00
146.50
146.00
147.50
147.50
149.00
150.00
149.00
147.50
150.00
149.50
149.00
149.00
149.00
148.50
147.00
147.00
147.00
147.50
148.00
146.50
147.00
147.00
149.00
147.00
147.00
147.00
146.00
146.00
146.00
146.00
146.00
146.00
146.00
147.00
146.00
146.50
147.00
146.00
146.00
147.00
146.00
147.00
146.00
145.00
147.00
146.00
146.00
146.00
148.50
148.00
149.00
150.00
148.50
148.00
148.00
147.50
147.00
148.00
148.50
148.00
147.00
147.00
147.00
147.00
156.00
155.00
155.00
146.00
146.00
145.00
144.00
145.00
145.00
145.00
145.00
144.00
146.00
146.00
145.00
145.00
146.00
146.00
146.00
146.00
145.50
146.00
146.00
146.00
145.50
146.00
146.00
145.50
146.00
144.50
146.00
146.00
145.00
145.50
146.00
146.00
146.00
145.50
146.00
146.00
146.00
146.00
145.00
145.00
145.00
146.00
145.00
145.00
145.00
145.00
146.00
146.00
146.00
146.00
146.00
146.00
146.00
146.00
145.00
145.00
146.00
146.00
146.00
145.50
145.00
146.00
146.00
146.00
146.00
146.00
146.00
146.00
146.00
146.00
146.00
145.00
145.00
145.00
145.00
145.00
145.50
145.00
145.00
145.00
145.00
145.00
145.00
145.00
145.00
145.00
145.00
145.00
145.00
145.00
145.00
145.00
145.00
145.00
145.00
145.00
145.00
145.00
145.00
145.00
145.00
145.00
145.00
145.00
145.00
145.00
145.00
145.00
145.00
145.00
145.00
145.00
145.00
145.00
145.00
145.00
145.00
145.00
145.00
145.50
145.00
145.00
145.00
145.00
145.00
145.00
145.00
145.00
145.00
145.00
145.00
146.00
145.50
145.50
146.00
146.00
146.00
146.00
146.00
144.50
146.00
146.50
146.00
145.50
146.00
146.50
147.00
146.00
146.50
146.00
146.00
145.00
145.00
146.00
146.00
145.50
146.00
146.00
146.50
146.00
146.00
145.50
146.50
146.00
146.00
146.00
145.00
146.00
146.50
146.00
146.00
147.00
146.00
147.00
147.00
145.50
145.00
146.00
147.00
149.00
149.00
149.50
149.00
148.00
149.00
149.50
149.50
149.00
148.50
148.00
150.00
149.00
148.00
149.00
149.00
149.50
147.00
146.00
145.00
146.00
146.00
146.00
145.00
146.00
145.00
148.00
145.00
146.00
147.00
146.00
146.00
145.50
146.00
145.50
146.00
145.00
146.00
145.00
147.00
146.00
146.00
145.50
144.00
146.00
146.00
145.00
145.50
147.00
146.00
146.00
147.00
147.50
146.00
147.00
146.00
146.00
147.50
147.00
145.50
147.00
146.00
145.00
144.00
146.00
146.00
146.50
145.00
146.00
147.00
145.50
146.00
146.50
145.50
146.00
145.50
146.00
146.00
146.00
145.00
145.00
146.00
146.50
146.00
146.00
145.50
146.00
147.00
146.50
146.00
146.00
146.50
146.00
145.00
147.00
146.00
146.00
146.00
145.50
146.00
147.00
146.50
146.50
146.00
145.00
146.00
146.00
145.00
147.00
146.50
145.00
146.00
145.00
145.00
145.00
146.00
146.00
146.00
146.00
146.00
147.00
146.50
145.50
145.00
146.00
146.00
144.00
146.00
146.00
147.00
146.00
145.00
145.00
146.50
146.00
145.00
147.00
146.00
146.00
146.00
146.00
145.50
145.00
145.00
147.00
146.00
147.00
146.00
146.50
147.00
147.00
146.00
146.00
146.50
146.50
146.00
146.00
146.00
146.00
146.00
146.00
145.50
146.00
147.00
147.00
147.00
147.00
146.00
147.00
145.00
145.00
145.00
146.00
145.00
145.50
145.00
145.00
144.50
145.00
146.00
145.00
146.00
145.00
145.00
168.00
176.00
174.00
173.50
172.00
174.00
174.00
175.00
174.00
152.00
131.00
130.00
131.00
131.00
130.50
213.00
213.00
212.50
212.00
211.50
213.00
212.00
211.00
211.50
212.00
212.00
211.50
212.00
211.00
212.00
212.00
208.00
209.00
208.00
210.00
208.50
209.00
208.50
210.00
209.00
210.00
208.00
208.00
210.00
210.00
209.00
209.50
211.00
209.50
209.50
210.00
211.00
210.50
211.00
209.00
210.50
210.00
210.00
210.00
211.00
210.00
209.00
208.50
210.00
209.00
210.00
211.00
211.00
210.00
211.00
209.00
208.00
209.00
210.00
211.00
211.00
211.00
211.00
211.00
210.00
211.00
210.00
209.50
210.00
210.00
209.50
210.00
210.00
210.00
210.00
210.50
211.00
210.00
210.00
211.00
210.50
210.50
210.00
211.00
211.00
211.00
210.00
210.50
210.00
211.00
211.00
211.00
220.00
221.00
211.00
211.00
210.50
211.00
211.00
211.00
211.00
211.00
211.00
210.00
210.00
210.00
210.50
210.00
210.00
210.50
210.00
211.00
211.00
210.00
177.00
144.00
144.00
145.00
144.00
144.50
145.00
145.00
144.50
144.00
145.00
144.00
144.00
144.00
144.00
144.00
144.00
145.00
145.00
145.00
144.00
144.00
145.00
145.00
145.00
144.50
144.50
144.00
145.00
144.50
144.00
144.50
144.00
145.00
145.00
145.00
144.00
144.00
144.50
145.00
145.00
145.00
145.00
155.50
155.50
155.50
156.50
156.00
155.50
156.50
144.50
155.50
156.50
155.50
156.50
155.50
138.50
138.50
138.50
138.50
128.00
138.50
138.50
138.50
138.50
138.50
138.50
138.50
138.50
138.50
134.25
127.00
138.50
139.00
139.50
138.50
138.50
138.50
138.50
138.50
138.50
138.50
138.50
140.00
141.50
141.50
141.50
141.50
141.50
141.50
141.50
143.50
141.50
141.50
166.50
168.50
146.00
146.50
169.50
170.50
174.50
177.50
178.00
177.50
179.50
177.50
175.50
178.50
171.00
171.50
173.00
168.00
169.50
166.50
163.00
161.00
161.50
161.00
162.00
163.75
164.50
163.00
163.50
164.00
163.00
164.75
162.50
165.00
164.00
165.75
165.00
166.00
164.50
168.00
165.50
168.00
166.75
172.50
168.75
169.50
169.00
168.00
166.50
167.00
170.50
180.00
171.50
172.00
174.00
193.00
191.00
181.00
191.50
181.50
183.00
197.00
199.00
194.00
193.50
198.00
199.00
197.50
195.50
188.00
175.00
180.00
190.00
199.00
199.00
180.00
197.00
199.50
189.00
174.00
188.00
191.50
199.00
181.00
181.00
174.00
171.00
174.00
174.00
168.00
172.00
163.00
161.00
161.00
160.00
162.00
161.00
160.00
160.50
163.00
162.50
163.50
162.00
161.00
169.50
169.00
106.00
106.00
105.00
105.00
105.00
105.00
106.00
105.50
105.50
105.50
106.00
106.00
106.00
106.00
106.00
106.00
112.00
117.00
117.50
117.50
117.00
117.00
116.50
117.50
117.00
117.50
117.50
117.50
117.50
117.50
117.50
116.50
117.50
117.00
115.75
116.50
117.50
116.50
116.50
116.50
116.50
117.50
117.50
117.50
117.50
116.50
114.50
119.50
116.50
117.00
117.50
117.50
115.00
116.50
116.50
116.50
117.50
117.50
117.50
117.50
117.50
116.50
116.25
117.50
117.50
117.50
116.50
117.50
117.50
116.50
115.50
116.50
117.00
117.50
117.50
117.50
116.50
117.50
106.00
107.50
108.00
109.00
109.00
109.00
108.00
108.50
108.00
108.00
108.50
109.00
108.00
108.00
108.00
110.00
109.00
109.50
107.00
107.00
107.00
107.00
107.00
106.50
107.00
107.00
106.50
106.00
106.00
106.00
107.00
106.50
106.00
106.00
106.00
106.00
106.00
106.00
106.00
106.00
106.00
106.00
106.00
106.00
106.00
106.00
106.00
106.00
106.00
106.00
106.00
106.00
106.00
106.00
106.00
106.00
106.00
110.00
107.00
107.00
107.00
107.00
106.50
107.00
107.00
107.00
107.00
107.00
107.00
106.50
107.00
106.00
106.00
106.00
107.00
107.00
106.00
106.00
106.00
106.00
107.00
107.00
107.00
107.00
107.00
107.00
107.00
107.00
106.00
106.00
106.00
106.00
105.50
106.00
106.00
106.00
105.00
106.00
106.00
105.00
105.00
105.00
105.00
105.00
105.00
105.00
105.00
105.00
105.00
105.00
105.00
105.00
105.00
105.50
105.00
105.00
106.00
105.00
105.00
105.50
106.00
105.50
106.50
106.00
106.00
105.00
106.00
106.00
106.50
106.00
106.00
106.00
106.00
106.00
106.00
106.50
106.00
106.00
106.00
106.50
106.00
106.00
106.00
106.00
106.00
106.00
106.00
106.00
107.00
106.00
106.00
106.00
106.00
106.00
106.00
106.00
106.00
106.00
106.00
106.00
106.00
106.00
106.00
106.00
106.00
106.50
106.00
106.00
106.00
105.50
106.00
106.00
106.00
106.00
106.00
106.00
106.00
106.00
106.00
106.00
106.00
106.00
106.00
106.00
106.00
106.00
106.00
106.00
106.00
106.00
106.00
106.00
106.00
106.00
106.00
106.00
106.00
106.00
106.00
106.00
106.00
108.00
108.00
109.00
109.00
109.00
108.50
108.00
108.50
108.00
108.00
109.00
108.00
108.00
108.00
108.00
108.00
108.00
107.50
106.00
106.00
106.00
106.00
106.00
106.00
106.00
106.50
107.00
106.50
106.00
106.00
106.00
106.00
106.00
106.00
106.00
106.00
106.00
106.50
106.50
106.00
106.00
106.00
106.00
106.00
106.00
106.00
107.00
107.00
107.00
107.00
107.00
106.50
107.00
107.00
107.00
107.00
107.00
107.00
107.00
107.00
107.00
107.00
107.00
107.00
107.00
107.00
107.00
107.00
107.00
106.00
106.50
107.00
106.00
107.00
107.00
107.00
107.00
107.00
107.00
107.00
107.00
107.00
107.00
106.50
107.00
107.00
107.00
106.50
106.00
106.00
106.00
106.00
106.00
106.00
106.00
106.00
106.50
106.00
106.00
106.00
106.00
106.00
106.00
106.00
106.00
106.00
106.00
106.50
106.00
106.00
106.00
106.50
107.00
106.50
107.00
106.00
107.00
107.00
106.00
107.00
106.00
106.00
106.00
106.50
107.00
107.00
107.00
106.00
107.00
106.00
106.00
107.00
107.00
