463.50
460.50
461.50
461.00
459.50
457.00
457.50
456.50
457.00
457.50
455.50
453.50
454.50
456.00
454.50
456.00
455.50
455.50
454.50
455.50
456.00
455.50
457.00
455.50
456.00
452.50
456.00
455.00
454.00
339.50
338.50
339.00
339.50
339.00
339.50
338.50
337.50
340.00
340.50
339.50
338.50
338.50
338.50
338.50
348.00
346.50
344.50
343.50
338.50
340.50
338.50
338.50
336.50
339.50
338.50
340.50
337.50
338.00
340.50
339.50
339.00
340.00
341.50
339.50
339.00
338.00
337.50
343.50
345.50
346.00
345.50
346.50
346.50
340.50
344.50
338.50
338.50
340.50
339.00
340.50
340.50
339.50
340.00
341.00
341.50
341.00
337.50
341.50
360.50
358.50
352.50
347.50
347.50
348.50
347.50
346.50
345.50
459.50
479.50
476.50
475.50
472.50
465.00
463.50
463.50
465.00
463.50
463.50
464.50
463.50
482.50
483.00
500.50
509.50
537.50
523.50
505.50
504.50
509.50
514.50
499.50
514.50
505.50
505.50
495.00
500.50
504.50
523.00
514.50
516.50
501.00
501.50
502.50
501.50
502.00
503.00
506.50
509.50
381.00
389.50
384.50
385.00
386.00
383.50
385.50
399.50
381.50
379.50
379.00
377.00
377.50
380.50
387.00
383.50
382.50
388.50
386.50
394.00
384.50
383.50
383.50
383.50
388.50
396.50
386.00
384.50
381.50
384.00
381.50
392.00
391.50
393.00
393.50
360.50
362.00
359.50
359.50
359.50
363.50
361.50
360.50
370.50
360.50
360.50
360.00
176.50
103.50
125.50
125.50
123.50
118.50
118.50
121.00
119.50
120.50
117.00
118.50
120.50
118.50
119.50
119.50
119.00
119.00
119.50
131.00
125.00
124.50
124.50
123.00
124.50
122.50
123.50
124.50
121.50
123.50
253.50
258.50
248.00
239.00
236.50
232.50
231.00
230.00
229.50
224.00
227.50
226.50
226.00
225.00
223.50
221.50
223.00
221.50
221.50
221.50
222.50
220.50
220.50
222.50
220.00
221.50
222.50
222.50
221.50
219.50
222.50
222.00
220.00
219.50
218.50
220.50
104.50
105.50
104.50
119.50
108.50
110.50
110.50
109.00
104.50
105.50
105.50
103.00
103.50
105.00
104.00
102.50
103.50
105.50
102.50
104.50
104.50
104.50
104.50
104.50
106.00
106.50
106.50
104.50
116.50
112.50
112.50
110.50
108.50
104.00
103.50
103.50
104.50
106.00
103.50
105.50
103.50
104.50
104.00
105.50
112.50
114.00
115.50
122.00
110.00
109.00
110.00
108.50
108.50
109.50
108.50
108.50
108.50
110.00
110.00
107.50
109.50
112.00
110.50
110.00
108.50
109.50
110.50
109.50
110.00
108.50
109.00
109.50
109.50
109.50
107.50
109.50
107.50
110.50
106.50
105.50
108.50
103.50
103.50
104.50
239.50
238.50
235.50
232.50
228.00
225.50
223.50
225.50
223.00
224.00
222.50
223.50
221.50
222.50
222.50
222.50
222.00
222.00
221.50
222.50
222.00
221.50
223.50
229.00
230.50
227.50
226.50
226.50
229.00
226.50
226.00
226.50
225.50
226.50
109.50
109.50
109.50
114.50
110.50
109.50
110.50
109.00
110.50
111.50
109.50
110.50
111.50
108.50
106.00
106.50
105.00
103.50
104.00
104.50
105.50
103.50
104.50
103.50
103.50
103.50
103.00
105.50
103.50
104.00
104.50
105.00
105.50
105.50
103.50
104.00
104.50
100.50
104.50
105.50
105.50
104.00
103.50
106.00
103.50
104.50
113.50
110.50
109.50
109.50
110.50
109.50
109.50
108.00
107.00
109.50
109.50
110.50
105.50
103.50
103.50
104.50
103.50
105.50
105.00
105.50
103.50
103.50
104.50
103.50
105.50
103.50
103.50
105.50
105.50
102.50
104.00
104.50
104.50
104.50
235.50
239.50
237.00
238.50
234.50
230.50
226.50
234.00
229.50
343.00
342.50
528.50
528.50
529.50
529.50
532.00
530.50
508.50
506.50
504.50
505.50
505.50
504.50
504.50
503.00
504.50
504.50
501.50
502.50
501.50
504.00
502.50
502.50
503.00
502.50
520.50
512.50
520.50
519.50
519.50
523.00
519.50
525.50
565.00
581.00
648.50
659.00
658.50
656.50
651.00
650.50
648.50
645.50
645.00
644.50
645.50
650.50
644.00
644.50
644.50
644.50
641.50
643.50
647.50
646.00
644.50
642.00
645.50
644.00
643.00
645.50
644.50
640.50
642.00
642.50
646.50
641.00
643.50
644.50
659.50
641.50
644.50
642.50
642.00
641.50
641.50
640.50
528.50
524.50
531.00
522.50
529.50
526.00
525.50
522.50
522.50
525.50
524.50
521.50
523.50
528.50
523.50
524.50
533.50
524.00
524.50
520.50
524.50
529.50
525.00
524.50
523.00
521.50
522.00
498.50
491.00
494.50
495.50
495.50
652.50
652.50
652.50
650.50
653.50
653.50
651.00
653.50
651.50
653.00
654.50
650.50
651.00
650.00
648.50
650.50
651.00
650.50
648.50
650.00
650.50
660.50
654.00
657.50
656.50
811.50
814.00
811.50
808.50
805.50
799.50
799.50
799.50
798.50
797.50
800.50
850.00
845.50
842.00
865.50
899.00
899.50
899.50
912.50
917.00
910.50
908.00
909.50
911.50
914.25
910.50
910.00
911.00
914.75
913.50
912.50
911.50
908.50
912.00
903.50
907.50
811.00
802.75
800.00
803.50
800.00
797.50
798.75
799.50
801.00
802.50
802.00
803.00
801.00
800.00
796.25
799.00
800.50
797.50
795.75
798.00
801.00
791.00
787.50
795.50
792.00
788.50
792.50
794.00
776.50
779.50
779.00
778.50
772.50
769.50
771.50
771.50
770.50
771.00
773.50
772.50
772.00
772.50
767.50
769.50
766.50
768.50
771.50
770.00
767.50
767.50
768.00
772.50
767.50
767.50
769.50
771.50
769.00
763.00
776.50
777.50
775.00
774.50
764.50
771.50
769.50
906.50
901.50
901.00
899.50
893.50
893.00
884.50
889.50
892.50
884.50
884.50
885.50
891.00
889.00
887.50
887.00
887.50
887.50
886.00
890.50
889.50
890.00
888.00
892.50
887.50
885.00
887.50
885.50
880.00
885.50
881.50
881.50
885.00
888.50
878.50
888.50
877.50
879.50
885.50
772.50
778.50
777.50
772.50
776.50
769.50
779.50
780.50
767.50
773.00
764.50
771.50
760.50
771.50
780.50
784.50
782.50
783.50
781.50
781.00
780.50
781.50
781.50
783.50
781.50
784.00
783.50
782.50
783.50
785.00
783.50
796.50
811.50
803.50
807.50
787.00
787.50
787.50
790.00
786.50
785.50
789.50
793.50
797.50
785.50
785.50
785.50
786.50
791.00
786.00
784.50
785.50
785.00
786.50
785.50
919.00
917.00
928.50
917.00
911.00
906.00
904.50
903.00
906.50
907.50
908.50
906.00
904.50
905.00
903.00
905.50
903.50
901.50
902.00
901.50
911.50
903.50
906.50
904.50
904.00
910.50
908.50
923.00
907.00
909.50
909.00
908.50
906.50
908.50
905.50
907.50
904.50
989.00
991.50
997.00
953.00
908.50
913.00
916.50
910.50
912.50
913.00
912.00
915.50
918.00
915.75
910.50
909.50
913.50
914.00
911.50
914.00
912.75
915.00
913.50
921.00
923.00
912.50
917.50
909.50
907.50
906.50
912.00
909.50
911.50
910.00
909.50
911.50
910.50
800.50
796.50
794.00
798.50
800.50
797.50
797.50
799.50
798.50
799.50
794.50
790.50
793.50
791.50
793.50
792.50
792.50
793.50
796.50
793.50
791.50
793.50
794.00
813.00
820.50
820.50
819.50
826.50
820.50
818.00
818.50
819.50
819.50
820.50
819.50
817.00
818.50
819.50
818.50
822.00
820.50
818.50
816.00
820.50
815.50
818.50
817.00
813.50
812.50
815.00
815.50
812.50
813.50
799.50
795.50
928.50
929.00
927.50
925.00
921.00
920.50
916.50
915.00
915.50
915.50
914.00
914.00
908.50
906.50
884.50
892.50
909.50
897.50
884.00
899.50
883.50
887.50
895.50
884.00
890.00
886.50
887.50
887.00
890.50
890.00
893.00
892.50
888.50
888.50
888.00
886.50
891.50
892.00
889.50
888.50
887.50
887.50
886.50
886.00
887.50
882.00
882.50
772.50
771.50
771.50
768.50
770.50
772.50
771.00
773.50
772.50
773.00
775.50
774.50
777.50
778.50
776.50
776.50
581.00
547.00
545.50
546.50
550.00
554.50
552.50
555.50
553.50
551.50
553.00
552.50
556.00
554.50
554.50
554.50
553.50
553.50
553.50
553.00
551.50
551.50
552.50
552.00
550.50
552.50
550.50
545.50
545.50
549.50
552.50
551.50
539.00
543.50
554.50
538.50
549.00
551.50
551.50
553.50
553.00
547.50
544.50
547.50
680.00
678.50
681.50
659.50
645.50
637.00
670.50
607.50
605.50
604.50
605.00
605.50
604.50
603.50
473.50
465.00
462.50
462.50
463.50
463.00
463.00
277.50
277.50
280.50
245.50
245.00
246.00
242.50
243.50
242.50
241.50
243.50
242.50
242.50
238.50
237.50
238.00
366.50
236.50
225.00
222.50
220.50
224.00
222.50
167.50
168.50
169.00
169.50
169.50
169.50
145.50
148.50
147.00
149.50
148.50
148.50
147.00
148.50
148.50
147.00
147.50
338.50
333.00
333.00
334.50
328.50
149.00
147.00
147.50
147.50
148.50
148.50
148.50
164.50
165.50
166.50
164.50
167.50
165.50
166.00
105.50
105.00
106.50
104.50
103.50
104.00
104.50
119.50
119.50
120.50
111.00
110.50
111.50
109.50
111.00
110.00
109.50
109.50
111.00
109.00
110.50
109.50
202.00
425.50
423.50
423.00
419.50
710.50
706.50
702.00
703.50
702.00
700.50
699.50
695.50
755.00
814.50
814.00
816.50
818.50
818.00
821.50
515.50
538.50
515.50
513.50
515.50
513.50
514.00
514.50
512.50
501.50
499.50
498.50
497.50
499.50
500.50
500.50
501.00
500.50
97.50
95.50
96.50
97.50
97.50
96.00
97.50
96.50
95.50
96.00
96.50
95.50
96.00
95.50
96.00
96.50
95.50
95.50
97.00
94.50
101.50
101.50
101.00
102.50
100.50
95.50
97.50
94.50
94.50
94.50
94.50
96.00
95.00
94.50
96.00
95.50
97.50
96.50
95.50
96.00
95.50
97.50
97.00
96.00
96.50
104.00
101.50
268.00
258.00
241.50
239.50
242.00
239.50
242.50
240.50
238.00
236.50
233.50
235.00
233.50
233.50
249.50
261.50
237.50
237.50
235.50
236.00
233.50
235.50
234.50
234.50
233.50
234.50
231.50
235.50
232.00
231.00
232.50
230.50
229.50
228.50
231.50
229.00
231.50
230.00
228.50
227.50
225.50
229.00
228.00
226.50
226.50
224.50
219.50
220.00
220.50
221.00
220.50
220.50
223.00
223.00
221.50
219.50
221.50
220.00
219.50
221.50
218.00
218.50
218.50
219.50
220.00
219.50
219.50
219.00
218.50
216.50
216.50
218.50
226.50
222.50
222.50
223.50
221.50
219.50
219.50
220.50
222.50
221.00
219.50
220.00
221.50
221.50
220.50
219.50
220.50
218.50
218.50
219.50
99.50
100.50
98.50
95.50
95.50
94.50
95.00
93.50
95.50
92.50
94.50
95.00
95.50
94.50
95.50
95.00
97.50
96.50
95.00
94.50
96.00
99.00
96.00
96.50
94.50
95.00
95.00
93.50
95.50
102.50
100.50
101.50
98.50
102.50
100.00
99.50
99.50
100.00
101.50
102.50
101.50
102.00
100.50
101.00
100.50
98.50
99.50
100.00
96.50
99.50
100.00
101.00
96.50
94.50
95.00
93.50
96.50
94.50
97.00
220.50
232.50
229.50
229.00
222.50
218.00
215.50
216.50
216.50
216.00
215.50
216.50
219.50
216.50
216.50
215.00
216.00
215.50
215.50
215.00
218.50
223.50
220.50
220.50
221.50
219.50
216.50
219.50
217.50
220.00
219.50
218.50
220.50
218.00
218.00
217.50
219.50
215.50
218.50
218.00
216.50
219.50
218.00
216.50
214.50
214.50
218.00
217.50
216.50
217.50
100.00
99.50
99.00
100.50
99.50
101.50
100.00
98.50
97.50
99.00
98.00
101.50
106.00
100.00
100.50
101.50
100.50
99.00
101.00
99.50
100.00
100.00
98.00
99.50
98.50
97.50
98.50
98.50
97.00
97.50
98.50
97.50
99.50
99.00
99.50
95.50
98.50
99.50
97.50
99.00
100.50
99.00
99.00
95.50
96.50
93.00
93.50
93.00
95.00
94.00
93.50
93.50
92.00
93.50
92.50
91.50
94.50
91.50
92.00
94.50
93.50
91.50
96.50
95.50
92.00
91.50
228.50
229.50
228.50
222.00
226.50
219.50
219.00
216.50
217.50
216.50
219.50
217.50
218.50
217.00
216.50
219.50
217.50
217.50
217.50
216.00
217.50
217.00
215.50
213.00
215.50
216.50
216.50
211.50
210.50
211.00
207.50
209.50
211.50
212.50
207.50
208.50
210.00
210.50
209.00
209.50
210.50
210.50
211.00
210.00
209.50
93.00
92.50
91.50
93.50
94.00
91.50
92.00
95.50
95.00
98.50
98.00
97.50
97.50
99.00
99.00
99.50
96.50
98.50
98.50
98.50
97.50
98.00
99.50
99.50
96.50
99.50
100.50
98.50
98.00
99.50
100.50
99.50
1308.50
1309.00
1313.00
1300.00
6076.00
5818.00
5770.25
1315.50
1299.25
1300.00
1288.50
1292.25
1283.25
1287.00
1297.25
1291.50
1292.75
1320.50
1315.50
1306.50
1298.50
1297.50
1306.00
1310.50
1294.00
1294.50
1293.50
1305.50
1160.75
1030.50
1035.50
1035.50
1035.00
1031.50
1035.75
1036.00
1034.50
1040.50
1041.50
1046.50
1035.50
1035.00
1037.00
1034.00
1033.00
1036.00
1030.50
1032.50
1032.00
5946.00
5835.25
5819.50
5808.50
5813.50
5815.50
5824.50
5805.00
5816.00
5788.75
5797.25
5702.50
5704.75
5804.00
5922.25
5789.75
5768.75
5812.00
5831.50
5800.50
1349.50
1374.00
1213.75
2590.00
5893.00
5765.50
5810.00
5878.00
5787.50
5801.25
5848.00
1350.50
1267.25
1346.00
3696.00
5909.00
5862.00
5862.00
5799.50
5860.50
5828.50
5825.00
3636.25
1438.00
1434.50
1303.25
5831.00
5893.00
5912.75
5786.50
5737.50
5817.50
5854.00
5937.25
1601.50
1688.75
1409.50
5777.00
5707.50
5892.00
5894.50
5851.50
5888.50
5862.25
5862.00
5784.00
1617.00
1522.00
1492.75
1640.75
6319.25
6228.00
5862.50
5773.50
5980.50
6022.50
5858.75
5941.00
1502.75
1522.50
1479.00
1448.00
5868.75
6016.00
5806.50
5932.00
5878.50
5871.50
5792.00
1325.00
1509.50
1468.25
3868.00
5991.50
5988.00
5936.75
5978.00
5865.75
5837.00
1511.00
1359.50
1752.00
1682.25
6300.50
6211.00
6105.50
6094.00
5950.00
5656.75
5623.50
1249.00
1328.00
1264.25
1341.50
5969.75
5819.50
5867.50
5918.75
5797.00
5924.50
1348.75
1605.50
1467.00
5711.00
5703.50
5653.50
5662.50
5847.75
5812.50
5650.50
1222.75
1270.00
1380.00
1548.50
6115.00
6021.00
6516.50
6464.25
6399.25
6319.50
1823.50
1901.00
1824.50
1869.50
3156.25
5346.25
5307.50
5298.50
5323.00
5303.50
5315.50
862.75
886.00
893.50
810.25
5412.75
5276.00
5263.50
5240.75
5254.25
781.50
791.25
780.00
796.50
785.00
5289.50
5246.50
5238.50
5245.75
5236.75
781.00
780.25
781.25
788.50
783.50
5302.50
5262.00
5256.75
5260.75
5254.75
795.50
796.25
787.00
782.00
784.50
5326.00
5272.50
5269.25
5256.50
5240.50
786.50
792.50
677.75
671.50
677.00
5242.50
5158.50
5153.75
5143.50
5121.50
667.00
670.75
675.00
672.50
665.50
680.00
5202.00
5154.50
5139.50
662.00
669.00
667.25
663.50
665.50
673.00
663.50
5305.00
5150.25
5129.50
5123.25
659.75
670.00
663.00
660.50
667.25
661.00
666.00
669.75
5265.00
5122.50
5118.50
5116.75
655.00
647.00
655.00
665.00
678.00
666.00
667.50
669.00
5208.00
5150.00
5137.50
5122.25
671.50
657.00
670.00
674.75
665.00
664.00
669.25
676.00
671.00
5419.75
5152.50
5264.50
5256.50
799.50
790.00
788.50
782.25
787.50
786.00
772.00
775.00
775.50
791.75
5298.75
5250.25
5252.50
775.00
780.00
782.00
774.75
778.50
782.50
776.00
777.00
779.00
781.75
5361.00
5278.50
5259.75
777.75
776.50
781.00
776.00
792.00
777.50
787.50
777.00
772.25
835.50
835.00
848.50
837.00
841.25
730.50
737.00
741.00
741.25
737.50
742.00
736.75
741.50
745.50
748.50
736.00
738.50
738.50
749.25
737.00
771.50
766.25
768.50
942.50
949.00
912.00
905.00
907.50
798.25
948.00
955.50
797.25
798.50
803.00
804.25
797.50
792.50
792.50
803.00
800.00
797.50
795.50
801.00
805.00
798.25
802.50
805.50
806.75
804.25
809.50
803.00
807.00
802.50
809.00
806.25
787.50
796.75
796.00
667.00
650.75
523.50
388.50
380.50
371.00
371.00
383.50
380.50
388.00
385.50
386.50
385.00
389.50
387.50
384.50
391.50
382.50
384.50
380.50
384.50
448.00
525.00
518.50
527.50
519.00
528.50
532.50
3028.00
5214.00
5212.00
5215.50
5197.25
5203.00
5207.50
5209.75
5207.75
5198.00
736.50
726.25
721.50
1763.75
5231.25
5199.50
5195.50
2960.50
715.00
724.00
714.00
5249.50
5203.50
5198.50
2961.00
686.50
677.00
3056.00
5206.25
5157.00
3885.50
603.00
673.50
665.50
5254.25
5032.00
5028.50
415.00
422.75
407.00
419.00
4944.50
4916.25
4901.00
409.00
409.00
377.50
354.00
4889.50
4861.25
4848.75
352.50
340.25
351.50
3838.75
4886.75
4863.00
4853.00
346.75
348.25
351.50
351.50
4949.25
4857.00
4831.50
351.25
351.50
351.50
349.00
4904.75
4862.00
4847.00
349.25
341.50
343.00
350.50
350.00
4921.75
4858.50
2597.50
354.25
353.00
348.25
348.00
4936.50
4873.50
4844.75
350.00
343.00
346.25
351.75
343.50
2764.75
4881.00
4853.50
345.50
347.75
347.00
350.00
350.00
351.50
4932.00
4867.00
346.00
351.00
347.75
356.00
347.50
352.50
5009.50
4866.00
2605.00
349.25
353.50
350.00
352.25
371.50
380.00
5075.00
5009.50
478.00
474.50
474.50
472.00
471.50
469.25
2848.50
5016.50
4987.50
461.50
464.00
468.50
464.50
463.50
468.50
466.25
5038.00
4992.25
464.50
462.25
460.50
466.50
466.50
469.00
462.50
466.25
462.25
467.50
469.25
464.00
466.50
466.50
463.00
467.00
471.75
474.75
351.50
346.50
356.25
349.50
351.50
355.00
353.50
351.50
348.00
349.75
355.50
351.50
357.50
355.00
354.50
356.00
357.00
356.50
358.50
349.75
351.25
354.00
356.25
362.50
355.00
366.00
355.50
354.50
357.50
358.00
356.00
352.00
355.50
356.25
359.50
354.50
358.50
354.00
356.50
366.50
365.00
370.50
366.00
365.50
361.50
362.50
363.75
360.50
361.50
365.00
368.25
108.50
104.50
104.50
105.50
105.50
105.50
106.00
106.50
106.50
103.50
106.50
106.00
103.50
104.50
106.50
105.50
106.00
106.50
106.50
109.50
107.50
100.50
100.50
101.50
101.50
100.50
100.50
98.50
100.00
101.00
99.50
100.50
99.00
234.50
234.50
233.50
229.00
224.50
224.50
221.00
220.50
219.50
220.50
222.50
219.50
216.00
219.00
223.50
221.50
226.50
224.50
223.50
227.00
220.50
221.00
224.00
223.50
221.50
222.50
222.00
221.50
221.50
222.00
221.50
221.50
219.00
221.50
222.50
222.00
221.00
219.00
217.50
214.50
213.50
214.50
214.00
215.50
99.50
101.00
102.00
101.50
100.50
101.50
102.50
100.50
99.50
102.50
100.50
100.50
101.00
101.00
100.50
102.50
100.50
100.50
99.50
100.50
109.50
108.50
103.50
106.50
105.50
107.00
107.50
106.50
105.00
106.50
106.50
106.50
106.50
106.50
105.50
106.50
106.50
106.50
107.50
106.50
106.00
105.50
105.50
104.50
100.50
101.00
101.00
99.50
101.50
100.00
98.50
97.50
98.50
98.50
100.00
100.00
101.50
98.50
99.00
101.50
100.50
101.50
100.50
100.00
100.50
101.50
99.00
100.50
99.50
104.50
108.50
107.00
106.50
106.50
108.00
104.00
105.50
106.50
106.00
106.50
105.50
105.00
107.50
106.50
106.00
105.50
105.50
107.50
105.00
241.50
240.50
237.50
233.50
225.00
227.50
227.50
222.50
225.50
223.00
223.00
227.50
225.00
222.00
224.50
224.50
223.00
221.50
223.50
222.50
222.50
224.50
234.50
226.00
226.50
220.50
222.00
221.00
221.50
225.50
219.50
221.00
222.00
221.00
219.50
220.50
222.00
219.50
222.50
220.50
105.50
107.50
108.50
105.00
106.50
109.00
106.50
105.50
105.50
107.50
104.50
105.50
105.00
105.00
104.50
100.50
100.00
98.50
101.50
100.50
101.50
102.50
100.00
100.50
100.50
100.50
100.50
99.50
100.50
102.00
100.50
100.50
100.50
100.00
102.50
100.50
102.00
100.50
101.50
100.00
99.50
107.50
105.50
107.00
106.50
106.50
107.00
107.50
106.50
105.50
106.50
106.00
105.50
106.00
107.00
107.50
104.50
107.00
103.50
106.50
106.50
105.50
105.50
106.50
105.50
99.50
100.00
101.50
100.50
100.00
100.50
100.50
99.50
99.00
100.00
101.50
99.50
99.00
100.50
101.00
100.50
100.50
100.50
100.50
101.50
101.50
101.00
101.50
100.50
102.50
100.00
108.50
241.00
241.50
238.50
234.50
230.50
228.00
227.50
224.00
225.00
225.50
223.50
225.00
225.50
222.50
220.50
224.50
223.50
222.00
222.50
224.00
223.50
224.00
222.50
215.50
216.00
217.00
215.50
216.00
218.00
216.50
216.50
216.00
218.50
215.50
215.00
218.00
213.50
156.50
100.00
100.00
101.50
101.00
99.50
101.50
101.50
102.50
99.50
101.00
101.00
107.50
106.50
107.00
106.50
108.50
106.50
106.50
105.50
105.00
106.50
106.50
105.50
106.50
106.50
105.50
105.00
106.50
106.50
105.00
105.50
104.50
106.50
106.00
105.50
105.50
110.50
106.50
106.50
107.00
103.50
109.00
107.50
107.50
114.50
109.50
108.50
106.50
106.50
101.50
105.50
106.50
106.50
105.50
106.50
104.50
109.50
101.50
100.50
100.50
236.50
235.00
234.50
233.50
227.50
221.50
220.50
218.50
218.50
219.50
218.50
229.50
230.50
221.50
221.00
220.50
221.50
221.50
223.50
107.50
104.50
105.50
107.50
108.50
100.00
101.50
97.50
97.50
99.50
100.50
99.50
100.50
99.50
100.50
101.50
99.50
101.50
99.50
100.50
101.00
100.50
101.00
99.50
102.50
103.50
102.50
102.50
107.00
116.50
106.50
107.50
106.50
105.50
106.00
109.50
104.50
105.00
106.50
107.50
105.50
109.50
105.50
109.50
106.00
105.50
108.50
102.50
100.50
102.50
100.50
101.00
101.50
98.50
99.50
101.00
99.50
100.50
107.00
106.50
102.50
238.50
237.50
225.00
226.50
224.50
221.50
224.50
218.50
223.00
220.50
225.50
222.50
219.50
220.50
218.50
219.00
220.50
105.00
105.50
106.50
105.50
104.50
106.50
107.00
107.50
104.50
103.50
103.50
105.00
102.50
99.50
101.50
118.50
102.50
99.50
98.50
99.50
103.50
100.50
101.00
98.50
98.50
102.50
107.50
106.50
108.50
104.50
104.50
105.50
106.50
105.50
105.50
107.50
103.50
107.50
104.50
105.50
104.25
107.50
104.50
105.50
100.00
100.50
99.50
101.00
98.00
100.00
102.50
100.50
96.50
99.50
110.50
98.50
102.50
223.50
236.50
235.50
220.50
219.50
230.50
224.50
222.00
225.50
224.50
220.50
220.50
219.50
218.50
217.50
215.50
215.50
214.50
214.50
217.50
100.50
99.50
102.50
100.00
98.50
102.50
101.50
100.50
98.50
100.50
98.50
109.50
107.50
105.50
106.50
105.50
106.50
105.50
105.50
104.50
103.50
103.50
106.50
106.00
104.50
110.50
105.00
105.00
102.50
97.50
106.50
109.50
108.50
106.50
105.50
105.50
103.50
106.00
102.50
100.50
104.00
104.50
102.50
106.50
111.50
107.50
106.50
107.50
127.50
105.50
103.50
105.50
107.00
105.50
97.50
107.50
107.50
105.50
106.00
105.50
106.00
106.50
106.00
106.50
106.50
106.50
107.50
107.50
106.50
106.50
105.50
107.00
104.50
105.50
105.50
105.50
105.50
105.50
105.50
99.50
101.50
232.50
236.50
231.50
230.50
225.00
223.50
221.50
221.50
218.50
219.50
220.50
220.50
222.00
219.50
219.50
218.00
220.50
218.50
218.50
218.50
216.50
218.50
217.50
218.00
216.50
217.50
232.50
223.50
221.50
220.50
107.50
103.50
105.50
103.50
105.50
104.50
103.50
99.50
102.50
100.50
99.50
100.50
99.50
100.50
97.50
99.50
99.50
101.50
99.50
99.50
110.50
99.50
101.50
116.50
108.50
107.50
108.50
105.50
103.50
104.50
107.00
103.50
106.50
107.50
106.50
107.50
105.00
108.50
107.50
106.50
107.50
102.50
102.50
100.00
102.50
100.50
100.50
97.50
100.50
101.50
100.50
99.50
100.50
101.50
100.00
97.50
99.00
100.50
111.50
116.50
106.00
106.50
104.50
237.00
233.00
234.50
225.50
223.50
225.50
224.50
220.50
224.50
220.00
221.50
229.00
223.50
223.50
224.50
221.50
222.50
222.50
219.50
221.00
221.50
106.50
104.50
106.50
107.50
106.50
107.00
104.50
104.50
107.00
109.50
106.50
101.50
101.00
98.50
100.50
100.50
101.50
100.50
101.50
98.50
100.50
98.50
99.50
101.50
107.00
104.50
104.50
107.00
105.00
106.50
100.00
101.00
102.50
218.50
227.00
222.50
222.50
225.50
226.50
222.50
224.00
223.50
221.50
222.50
222.50
218.00
218.50
217.50
100.50
100.50
100.50
101.00
102.50
101.50
99.50
101.50
100.50
107.50
106.25
106.50
102.50
104.50
108.50
106.50
102.50
105.00
105.50
105.50
102.50
106.50
105.00
100.50
104.50
108.50
103.50
106.00
105.50
105.50
107.50
104.50
107.00
101.50
105.00
104.00
107.50
106.50
107.50
104.50
108.00
106.50
104.50
105.50
104.50
103.50
101.00
100.50
104.50
99.50
238.50
230.50
225.50
225.50
222.50
221.00
231.50
233.50
234.50
316.50
319.50
318.50
326.00
334.50
331.50
326.50
326.00
324.50
323.50
326.50
321.50
316.50
314.50
321.50
352.00
355.50
353.00
347.00
348.00
349.00
346.50
345.00
347.00
349.00
346.00
370.00
162.50
166.50
177.50
169.50
171.50
170.50
166.50
168.50
168.50
168.50
168.50
168.50
165.50
169.50
162.50
161.50
164.50
163.50
163.00
163.50
165.50
165.00
165.50
164.50
165.50
164.00
166.50
163.50
163.50
163.50
163.00
165.50
165.50
164.50
163.50
161.50
162.50
161.50
161.50
164.00
169.50
168.50
169.00
169.50
168.50
170.50
167.50
169.50
170.00
169.00
171.50
169.50
163.00
175.50
331.00
335.50
337.00
338.00
337.50
337.00
340.50
340.00
467.00
473.00
470.00
472.50
462.00
460.00
458.50
457.00
458.00
456.00
459.00
454.50
458.50
456.00
456.00
455.00
453.50
452.00
458.00
455.00
451.00
451.00
449.50
449.50
448.00
450.00
450.00
449.00
450.00
448.00
445.50
444.50
448.00
450.00
448.00
448.00
449.00
448.00
334.00
334.00
334.00
333.00
332.25
335.00
330.50
330.00
331.25
334.00
332.00
331.00
333.00
328.00
325.75
323.50
327.00
328.00
325.00
326.00
328.00
326.25
327.00
327.00
324.25
321.50
324.50
325.00
326.50
327.00
325.00
324.50
322.50
324.50
326.00
324.50
320.00
319.50
320.50
325.00
327.00
326.00
325.50
328.00
328.50
328.00
329.00
328.50
328.00
328.00
330.00
327.50
325.50
324.00
328.50
328.00
327.00
325.00
330.00
330.50
328.00
328.00
330.00
347.00
348.00
351.00
351.00
350.00
349.00
349.50
349.00
349.00
351.00
350.00
352.50
351.00
350.00
351.50
1255.00
1253.50
1254.50
1250.00
1257.00
383.00
378.00
576.00
505.50
618.00
612.50
672.00
1565.50
1556.75
1520.00
652.00
749.00
776.00
747.00
1566.25
745.00
1573.50
1927.00
3287.00
4481.50
4464.00
3588.00
3585.00
3565.00
3550.00
3543.75
3547.00
3526.00
1888.25
621.00
619.00
1830.50
1827.00
1828.50
1828.00
1827.50
1809.50
1808.50
603.50
604.00
605.00
605.00
601.00
599.00
599.00
597.50
596.50
596.00
593.00
637.00
596.00
596.00
596.00
583.00
583.00
583.00
584.00
590.00
589.50
591.00
591.00
585.00
583.00
573.00
560.00
561.00
443.00
358.00
360.00
358.50
357.00
359.00
358.50
361.00
374.00
373.00
375.00
377.00
228.50
229.00
227.50
227.50
235.00
236.50
233.50
237.50
235.50
236.50
234.50
233.00
236.50
233.50
235.50
238.50
231.50
102.50
103.00
103.50
107.50
109.00
105.00
102.50
105.50
104.50
102.50
103.50
105.00
104.00
104.50
101.50
88.50
89.00
89.50
89.00
88.50
88.00
89.50
86.50
86.50
90.50
88.50
87.50
87.50
88.50
88.50
88.50
87.50
88.50
82.50
81.50
83.50
81.50
81.50
97.50
83.50
82.00
82.50
83.00
84.00
87.50
219.50
218.50
210.00
210.50
208.50
204.50
203.00
203.50
201.50
202.00
202.00
201.50
201.00
202.50
209.50
206.50
204.50
199.50
198.50
201.00
201.00
200.50
200.50
201.50
200.50
199.50
201.00
201.00
199.50
201.50
200.50
201.50
200.50
199.50
84.50
83.00
83.50
83.50
83.50
83.50
83.50
83.50
84.50
83.50
82.50
83.50
82.50
83.50
81.50
83.50
83.50
82.50
81.50
82.50
86.50
83.50
82.50
82.50
83.50
83.00
82.50
84.00
83.00
82.50
89.50
88.50
89.50
84.50
83.50
83.50
83.50
82.00
83.00
86.50
84.50
82.00
83.50
84.50
82.50
84.50
81.50
82.50
83.50
82.50
82.50
81.50
80.50
82.50
81.50
81.00
82.50
82.50
81.50
83.00
82.50
83.50
83.00
82.00
83.50
83.00
83.50
84.00
83.00
81.50
83.50
83.50
84.50
85.00
83.50
83.00
82.00
82.50
81.50
83.50
92.00
89.00
88.00
88.50
81.50
83.50
218.50
218.50
217.50
214.50
208.50
206.50
205.50
206.50
203.50
203.00
202.00
201.50
202.00
202.50
201.50
200.50
203.00
200.00
200.50
207.50
206.50
206.50
203.50
201.50
200.50
202.00
200.00
200.50
200.50
200.50
200.50
199.50
198.50
199.50
89.50
101.50
99.50
88.50
90.00
87.50
88.50
88.50
88.50
88.50
89.00
89.50
89.50
89.50
88.50
87.50
87.50
89.50
90.50
90.00
87.50
87.50
89.50
87.50
88.50
87.50
88.50
87.00
87.50
88.50
87.50
89.50
90.50
85.50
84.50
83.50
83.50
84.00
83.00
84.00
85.50
84.50
84.50
83.50
83.50
83.50
83.50
84.50
83.50
84.50
83.00
83.00
84.50
82.50
82.00
83.00
82.50
81.50
82.50
88.50
88.50
89.50
89.50
88.50
89.00
87.50
88.50
89.50
89.50
88.50
91.50
89.00
89.50
85.50
88.50
93.50
88.00
88.50
86.50
86.50
90.50
87.00
87.50
88.50
84.50
83.50
83.50
84.50
84.00
83.50
83.00
84.50
84.50
84.50
216.00
219.00
217.50
215.50
210.50
205.50
205.00
203.50
203.50
204.00
201.50
203.50
202.50
201.50
210.50
205.50
207.50
207.50
207.00
205.00
205.00
205.50
204.50
204.50
206.50
205.50
204.50
204.50
206.00
203.50
204.50
204.50
204.00
204.50
87.50
86.50
88.50
84.50
82.50
85.00
82.50
81.50
83.00
82.50
82.50
84.00
82.00
84.50
85.50
82.50
82.50
82.50
82.50
81.50
82.50
82.50
82.50
82.50
82.50
81.50
80.00
83.50
81.50
84.00
88.50
85.00
87.50
86.50
87.50
86.50
89.50
86.50
87.00
87.50
89.00
87.50
88.50
88.50
88.50
88.00
88.50
88.50
88.50
89.00
88.00
87.50
87.50
83.50
85.50
91.00
90.00
90.50
89.50
89.50
90.50
87.50
87.50
89.00
90.50
91.00
89.50
89.00
86.50
88.50
88.50
103.00
98.50
88.50
88.50
88.00
88.50
88.50
88.00
88.50
88.50
89.00
89.50
89.50
89.00
89.50
89.50
87.50
89.00
89.50
88.50
88.50
88.50
87.50
89.50
222.50
224.50
222.50
216.00
213.00
209.50
211.50
209.50
202.50
204.50
202.00
202.50
202.50
203.00
203.50
202.50
203.50
203.50
202.00
201.00
202.50
200.50
201.50
202.00
200.00
200.50
200.50
204.50
200.50
200.00
200.50
197.50
200.00
198.50
92.50
87.50
87.50
88.50
86.50
83.50
87.50
87.00
87.50
88.00
87.50
87.00
87.50
86.50
88.50
87.50
87.50
88.50
87.50
88.50
88.00
87.50
88.00
87.50
84.50
83.00
83.50
83.50
82.50
85.50
85.50
83.50
84.00
83.50
83.50
83.50
83.50
84.50
82.00
83.00
82.50
84.50
82.50
83.50
82.50
82.00
83.00
82.50
83.00
88.00
89.50
88.50
90.00
89.50
89.50
88.50
92.50
87.50
90.50
88.50
87.50
89.50
87.50
87.50
88.00
88.50
89.50
89.50
88.50
87.50
87.50
88.50
88.00
86.50
84.00
82.50
83.00
85.00
81.00
81.50
81.50
82.50
83.50
83.50
83.50
83.50
83.50
81.50
81.50
83.00
83.50
81.00
84.00
83.50
214.50
219.00
213.50
214.00
208.50
207.50
208.50
208.50
209.50
207.50
209.50
208.00
206.50
207.00
206.50
206.50
206.50
206.50
206.50
206.50
208.50
207.50
206.50
205.50
206.50
206.50
204.50
205.50
204.50
201.50
199.50
206.00
205.50
201.50
145.00
87.50
88.50
86.50
88.50
89.50
94.50
89.50
87.50
88.00
89.00
99.00
98.50
98.00
98.50
88.50
85.00
90.50
85.50
87.50
90.50
87.50
88.50
88.00
87.50
86.50
89.50
87.50
86.50
87.00
89.00
87.50
87.00
87.50
90.50
89.50
90.50
87.50
88.50
88.50
88.50
89.00
91.50
88.50
89.50
84.50
83.50
84.50
84.50
83.50
85.00
84.00
83.50
84.50
80.50
85.50
82.00
83.50
83.50
82.50
82.50
83.50
84.50
82.00
85.50
82.50
82.50
82.50
82.50
84.50
80.50
81.50
87.50
87.50
89.50
88.50
88.50
87.00
88.50
88.00
90.00
88.50
89.50
89.50
90.50
89.50
90.50
87.50
88.50
89.50
87.00
88.50
89.50
87.00
87.50
83.50
83.50
218.50
218.50
219.50
213.00
208.50
207.00
204.50
205.50
205.50
203.50
204.50
202.50
203.00
202.50
202.50
202.50
202.00
203.50
201.50
200.50
200.50
201.50
202.00
202.50
208.50
205.00
204.50
204.50
205.50
204.00
205.50
206.50
203.00
204.50
91.50
90.50
86.50
88.50
89.00
81.50
84.00
86.50
85.50
85.50
87.50
85.00
86.50
86.50
82.00
84.50
82.50
82.50
83.00
83.50
81.50
84.50
82.50
83.00
83.50
81.50
82.50
82.50
82.00
82.50
82.50
82.00
84.50
86.50
82.50
82.50
83.50
83.50
82.50
82.50
87.50
87.50
89.00
89.50
87.50
90.00
88.50
88.50
87.50
88.50
87.50
88.00
89.50
88.50
91.50
88.00
86.50
88.50
88.00
88.50
86.50
87.50
87.00
88.50
83.50
92.50
92.50
88.50
88.50
87.50
92.50
87.00
88.50
85.50
91.50
89.00
88.50
87.50
87.50
87.50
93.50
98.00
90.50
88.50
89.00
88.50
88.50
88.50
87.50
88.50
88.50
88.00
88.00
89.50
89.50
88.50
90.50
223.00
225.00
221.50
224.50
214.50
210.50
211.50
208.00
201.50
207.00
208.50
205.50
206.50
204.50
205.50
202.00
201.50
200.50
202.00
200.50
202.00
200.50
201.50
199.50
198.50
200.00
199.50
199.50
199.50
200.50
200.00
201.50
199.50
141.50
84.50
84.50
82.50
82.50
83.00
81.50
83.50
83.00
88.00
89.00
88.50
88.50
86.50
88.50
87.50
89.00
88.00
88.50
88.00
89.00
87.50
86.50
87.50
91.50
87.50
85.75
88.50
89.50
89.50
86.50
86.00
84.50
84.50
84.50
83.00
82.50
84.00
83.50
82.50
83.50
84.50
84.50
82.50
81.50
82.50
82.50
82.50
84.50
85.00
84.50
83.50
84.00
83.00
83.50
83.50
85.00
87.00
87.50
89.00
89.50
88.00
90.00
88.50
88.50
92.50
89.50
90.50
89.50
90.00
91.50
88.50
88.00
88.50
88.50
90.50
88.00
88.50
89.50
86.50
87.50
83.50
83.50
83.50
83.00
80.50
80.50
82.50
83.50
83.00
80.50
82.50
84.50
83.00
82.50
81.50
218.50
218.00
213.50
213.50
210.50
206.50
205.00
203.00
201.50
203.50
202.50
205.50
208.50
208.00
208.00
208.50
207.50
209.50
207.50
205.50
206.00
207.50
207.50
205.00
206.50
206.50
209.50
205.50
205.50
204.50
205.50
203.50
204.50
204.50
87.00
81.50
91.50
88.50
86.50
87.50
87.50
86.50
87.00
88.50
91.50
88.50
90.00
87.50
88.50
87.00
87.00
87.50
89.50
98.50
89.50
88.50
90.00
86.50
88.50
87.50
87.50
89.50
89.50
89.00
88.50
88.00
88.50
87.50
88.50
88.00
89.50
89.50
87.50
89.50
87.50
88.00
87.50
86.50
88.50
87.50
87.50
87.50
88.00
82.50
84.50
83.00
81.50
82.50
82.50
82.00
82.50
83.50
81.50
84.00
83.50
82.50
83.00
82.50
82.50
82.00
82.50
82.50
83.00
84.00
79.50
84.50
81.00
82.50
81.50
77.50
83.50
93.50
84.00
89.00
89.50
83.50
89.50
88.50
86.50
88.50
87.00
88.50
87.50
89.50
88.50
89.50
90.00
89.50
88.50
88.00
87.50
88.00
87.00
87.50
86.50
218.00
216.00
212.50
213.50
206.50
205.50
205.50
202.50
203.50
202.50
202.50
204.00
204.50
203.00
203.50
201.50
202.50
200.50
201.50
201.50
203.50
203.00
202.50
203.50
200.50
200.50
206.50
206.50
206.50
206.50
206.50
206.50
205.50
205.50
205.50
204.50
89.50
88.00
88.50
88.50
86.50
88.50
88.50
89.50
87.00
92.50
88.50
88.50
85.00
83.50
85.50
83.50
82.50
83.50
83.00
83.50
83.50
84.00
84.50
83.50
83.00
84.50
84.50
84.50
85.00
86.00
84.50
84.00
86.00
85.50
84.50
83.50
83.50
84.50
84.50
90.50
89.50
89.50
89.50
89.50
90.00
89.50
89.00
87.50
89.00
88.50
88.50
88.00
89.50
91.50
89.50
91.00
91.50
90.50
89.50
89.50
88.50
90.00
83.50
85.00
90.00
90.50
93.50
89.50
89.50
89.50
88.50
89.50
88.50
90.50
91.00
91.50
90.50
87.50
89.50
88.50
119.00
112.00
112.50
114.50
114.00
115.50
114.50
113.50
88.00
88.50
86.50
87.50
88.50
87.50
87.50
335.50
337.50
336.00
334.50
331.50
332.00
331.50
330.50
333.50
337.50
337.50
342.00
338.50
338.50
340.50
339.50
340.50
333.50
333.00
332.50
334.50
332.00
334.00
332.50
333.50
331.50
332.50
330.50
331.50
331.50
330.50
331.00
331.50
330.50
330.50
332.50
387.50
393.50
385.50
391.50
393.50
395.00
396.50
401.50
402.50
397.00
400.50
399.50
401.50
288.50
288.50
288.00
287.50
286.50
287.00
283.00
281.50
284.00
282.50
281.50
284.50
283.50
278.50
279.50
279.50
279.50
278.50
272.50
271.50
271.50
272.50
271.00
268.50
268.50
270.50
270.50
268.50
269.50
272.00
270.50
268.50
268.00
267.50
268.50
265.50
262.00
257.50
214.50
212.50
213.50
212.50
213.50
214.50
225.50
225.50
225.50
221.50
232.50
231.50
232.50
230.50
230.50
231.50
231.50
232.00
231.50
231.50
231.50
230.50
228.50
228.50
231.00
228.50
230.50
227.50
227.50
227.50
225.00
224.50
224.50
224.00
224.25
223.50
224.50
222.50
222.50
225.50
225.00
350.50
353.50
349.50
346.50
341.50
340.00
338.50
335.50
334.50
334.50
332.50
333.50
334.00
332.50
339.50
336.50
337.50
337.50
338.50
338.50
337.50
337.50
335.50
337.50
336.50
336.50
335.50
335.50
334.00
334.00
334.50
336.50
336.00
332.50
335.50
275.00
216.00
211.50
218.50
220.00
219.50
219.00
218.50
219.00
218.50
218.00
217.50
218.00
219.00
220.50
218.50
219.00
218.50
218.50
234.50
225.50
221.50
219.50
219.00
220.50
219.50
217.50
219.00
218.50
220.00
219.50
218.50
218.50
219.50
218.50
220.50
217.50
219.50
218.50
219.50
221.50
220.50
220.50
225.50
222.50
221.50
232.75
229.50
230.50
228.00
228.50
223.50
223.00
222.50
224.50
222.50
223.00
221.50
221.50
237.50
235.50
235.50
235.50
235.00
244.50
233.50
229.50
231.50
237.50
240.00
229.50
229.00
232.00
225.50
228.50
226.50
229.00
232.50
233.50
239.00
257.00
255.50
258.50
257.00
259.50
257.50
260.00
258.50
391.00
395.00
392.50
389.50
385.50
381.50
379.50
379.50
380.50
380.50
379.00
376.50
375.50
375.50
369.50
371.50
372.50
371.50
372.50
370.50
369.00
370.50
370.50
371.00
363.50
356.50
355.50
357.00
354.50
356.50
354.00
355.50
355.50
353.00
354.00
237.50
237.50
214.00
224.50
217.50
218.50
218.00
220.50
221.00
212.50
215.50
212.50
214.00
212.50
213.50
211.50
213.50
215.50
214.50
215.50
213.50
214.50
214.50
213.50
214.50
214.00
215.50
213.50
214.50
212.50
213.50
216.50
213.50
214.50
213.50
215.50
298.50
214.50
215.00
215.50
212.50
215.50
213.50
208.00
220.50
84.50
85.50
86.50
84.50
85.50
82.50
84.00
84.50
97.50
91.00
89.50
83.50
81.50
82.50
83.50
82.50
85.00
83.50
85.00
83.50
82.00
84.00
83.50
83.00
85.50
83.50
83.50
85.50
83.50
84.50
82.50
82.50
84.50
94.50
89.50
89.50
84.50
83.00
83.00
215.50
217.50
218.50
211.50
209.50
206.50
205.50
205.00
201.50
203.50
221.00
217.50
206.50
208.50
207.50
207.00
207.50
208.00
208.50
210.50
207.50
206.50
207.50
207.50
206.50
206.50
207.50
206.00
207.00
207.50
206.50
206.50
205.00
205.50
206.00
205.50
88.00
89.50
87.50
90.50
89.00
92.00
84.50
83.50
85.00
83.50
84.50
83.00
83.50
85.50
84.50
83.00
81.50
85.00
83.50
83.50
87.50
