421.50
418.00
416.50
409.50
411.50
407.00
404.50
401.00
402.50
402.50
401.50
401.50
400.50
398.50
402.50
401.50
399.50
387.00
385.50
386.00
384.50
382.50
383.50
383.50
384.50
385.50
385.50
382.50
385.00
382.50
382.50
383.50
394.50
269.50
271.00
272.00
267.50
266.50
266.00
265.50
265.00
267.50
264.50
265.00
263.50
267.50
264.50
262.00
261.50
264.50
263.00
263.50
263.50
263.00
263.50
261.50
262.50
263.00
263.00
263.50
264.50
265.00
262.50
263.50
264.50
265.50
264.50
263.00
264.50
261.50
265.50
263.50
266.50
264.50
266.00
266.50
266.50
266.00
265.50
266.00
266.00
265.50
272.50
270.00
269.50
269.50
267.50
265.50
262.50
267.50
475.50
478.50
479.50
475.00
5361.00
5240.00
5216.25
5195.50
5197.50
5190.50
5179.75
5175.75
5180.00
5185.50
5176.00
5310.50
5308.25
5288.00
5291.50
5290.50
5289.50
5290.00
5268.00
5269.50
5280.75
5256.50
857.00
890.75
869.00
5381.50
5287.25
5262.50
5251.50
5266.00
5263.00
4949.00
2751.00
559.50
553.50
579.00
5029.00
4952.00
4934.00
4930.25
5215.75
5241.00
831.75
837.00
858.50
842.50
5291.00
5208.00
5204.25
5204.00
5193.00
5194.00
836.50
834.50
822.75
827.50
5479.00
5354.50
5368.00
5346.75
5356.50
5369.25
5345.75
987.00
989.00
981.50
5417.00
5372.00
5372.00
5368.50
5363.75
5355.50
3183.00
973.00
596.00
591.00
5127.25
4997.50
5035.50
5044.50
5034.50
5025.75
2832.75
625.75
636.00
631.75
5155.75
5055.50
5026.50
4995.00
4993.00
4985.50
597.50
600.00
607.00
607.50
5064.75
4996.00
5007.00
5003.25
5002.00
2815.50
613.50
609.00
605.00
2925.25
5047.50
5041.00
5041.00
5038.50
5019.00
610.50
597.00
595.50
608.50
5265.25
5042.50
5047.00
5043.00
5112.50
769.25
764.50
750.50
754.50
5338.00
5234.50
5184.00
5177.00
5183.00
754.50
743.50
741.75
743.00
3011.50
5184.00
5165.25
5165.75
5157.50
733.00
730.00
737.50
737.50
5310.00
5152.75
5140.75
5124.00
5129.00
738.25
734.25
736.50
744.00
746.25
5205.50
5152.00
5149.00
5131.00
734.50
732.00
729.50
734.00
730.50
734.75
5340.50
5162.50
5135.50
5199.00
847.00
930.50
926.00
934.25
931.50
926.50
843.25
5295.50
5272.50
5272.75
847.75
854.75
853.50
853.25
856.75
882.00
3158.50
5321.50
5303.50
5291.25
879.00
887.25
885.00
884.00
874.00
871.00
5384.75
5264.75
5230.00
5225.25
871.50
865.00
867.00
873.00
884.75
879.50
880.00
5377.50
5242.50
5238.75
5239.50
875.50
866.25
873.00
870.50
868.00
869.25
871.50
5331.75
5259.50
5280.50
874.00
869.00
866.00
867.00
865.50
870.50
872.50
871.50
5449.00
5241.75
5240.50
867.25
866.75
867.50
866.50
866.75
862.00
862.00
864.00
864.00
5191.75
5126.25
5141.00
760.50
780.50
766.25
763.50
752.50
753.75
765.75
760.00
750.50
754.50
756.50
756.00
758.50
761.00
752.50
759.00
758.00
760.50
746.00
752.75
745.50
758.25
752.00
747.00
742.25
742.25
752.50
750.00
743.75
753.00
756.00
753.75
756.00
745.50
738.50
752.50
743.50
746.75
752.50
749.25
755.50
744.50
752.00
750.00
748.25
740.00
743.50
752.00
748.75
750.50
750.50
749.25
759.50
755.50
813.25
875.00
880.00
887.25
879.50
879.50
879.00
883.25
875.50
874.50
877.00
875.50
870.50
878.50
882.50
876.00
882.00
873.25
609.50
607.50
609.00
609.00
609.00
608.50
612.00
764.00
763.00
762.50
759.00
760.00
758.00
753.00
755.00
757.50
759.00
760.00
759.00
753.50
753.50
754.00
751.00
764.00
768.00
768.00
773.00
770.00
767.00
655.50
650.00
649.00
646.00
648.50
650.50
651.00
638.50
637.00
633.00
633.50
632.00
629.00
633.50
633.00
637.00
638.00
635.75
636.00
630.50
672.00
465.00
465.00
465.50
462.00
465.00
466.00
465.50
464.00
466.00
464.50
465.00
495.00
494.50
487.00
489.50
498.50
482.00
463.00
468.00
463.00
286.00
281.00
279.50
297.00
303.50
294.00
295.50
301.00
302.00
296.50
285.00
276.00
275.00
276.00
274.00
274.50
274.50
273.00
279.00
277.50
278.00
277.00
275.00
275.50
280.00
278.00
279.00
284.00
274.00
413.00
412.00
407.00
401.00
396.00
393.50
393.00
390.50
391.00
390.00
392.50
390.00
392.00
396.50
398.00
398.00
392.50
390.00
390.00
390.00
391.00
389.00
391.00
392.50
392.00
389.00
389.50
390.00
389.00
401.00
398.50
400.00
405.00
393.50
396.50
394.00
396.50
395.00
393.00
395.50
394.00
393.00
284.00
284.50
286.00
282.00
278.50
278.00
279.00
277.00
276.50
279.00
276.00
280.50
277.00
278.00
281.00
277.00
276.00
276.50
281.25
273.00
272.50
270.50
271.00
272.00
273.50
274.00
271.00
272.00
274.00
274.00
275.00
275.00
279.00
275.00
277.50
280.00
282.00
282.00
282.50
281.00
285.00
283.00
282.00
282.00
282.00
285.00
287.00
287.00
291.50
288.50
290.50
293.50
291.00
288.00
288.00
287.00
284.00
289.00
283.50
284.00
288.00
281.50
283.00
280.00
277.00
279.00
278.00
278.50
280.50
275.50
273.00
271.50
254.00
254.00
365.50
364.00
365.00
367.00
503.50
505.00
505.00
499.00
499.00
501.00
500.00
499.00
499.00
500.50
503.00
383.00
385.00
387.50
387.50
387.50
385.00
387.50
394.50
393.50
391.50
284.50
299.50
311.00
312.50
300.50
444.00
448.00
447.00
448.00
446.00
446.00
446.50
444.00
442.00
458.00
446.00
445.00
443.00
446.00
330.00
324.00
326.00
328.00
327.50
326.50
337.00
320.50
323.00
322.50
322.00
320.00
320.50
320.50
319.00
317.50
319.50
320.50
319.00
320.50
320.00
339.00
353.50
318.00
325.00
329.00
322.50
329.00
322.00
320.50
319.50
319.00
322.50
319.00
320.00
320.00
321.00
322.00
321.00
318.50
320.00
319.00
320.00
319.00
320.50
234.00
180.50
179.50
181.50
184.00
177.00
176.50
186.00
182.50
182.50
188.50
181.50
144.50
158.50
265.50
265.50
263.50
275.50
280.50
152.50
151.00
268.50
149.50
133.50
127.00
184.50
184.50
192.50
321.50
295.50
295.50
291.00
289.50
286.50
283.50
283.00
284.50
284.00
280.50
282.50
283.50
283.50
283.50
281.50
282.50
281.50
282.50
290.50
295.50
298.00
298.00
296.50
240.50
239.00
237.50
218.50
219.00
216.50
217.50
219.50
217.00
219.00
218.50
215.50
217.50
219.50
218.50
217.50
217.50
214.00
217.50
215.50
219.50
100.00
101.50
103.50
103.50
102.50
99.50
99.50
101.50
111.50
110.00
104.50
104.50
100.50
100.50
98.50
100.50
100.50
99.50
100.00
100.00
100.00
100.50
98.50
100.00
99.50
100.50
100.50
98.50
100.50
101.00
100.50
103.50
101.50
100.50
101.50
105.50
104.00
101.50
101.50
99.50
98.50
101.50
101.50
101.50
97.50
102.50
101.50
103.00
102.50
98.50
98.50
100.00
100.50
99.50
98.50
100.50
100.00
99.50
108.50
106.00
104.00
106.50
101.00
101.00
101.50
100.50
101.00
100.00
100.50
101.50
100.50
99.00
100.00
99.00
225.50
235.50
235.50
232.00
225.50
224.50
223.00
227.50
218.50
219.50
219.50
220.50
220.00
221.00
221.50
217.50
219.50
220.50
218.50
219.50
219.00
219.50
218.00
218.50
218.50
217.50
218.50
216.50
220.00
218.50
214.00
217.00
217.50
223.50
220.50
222.00
222.50
217.50
215.00
216.50
216.50
101.00
101.50
101.50
102.50
99.50
101.50
100.50
102.00
101.00
101.50
100.00
100.50
101.50
100.50
100.50
102.00
106.00
107.50
107.50
102.00
101.00
99.50
98.50
100.00
100.50
99.50
99.50
100.00
101.50
99.00
101.00
101.50
108.50
114.50
107.50
106.50
104.00
104.00
104.50
104.00
107.00
103.50
107.50
108.50
106.50
106.50
105.50
106.00
103.50
104.50
105.50
107.50
106.50
107.00
104.50
106.50
106.50
106.00
106.50
104.50
106.50
105.50
104.50
106.50
108.00
100.50
99.00
100.50
101.50
98.50
99.00
100.50
98.50
101.50
100.00
102.00
101.50
99.00
235.50
236.50
233.50
228.50
224.50
224.00
222.00
222.00
222.50
217.00
220.50
218.00
218.00
220.50
219.50
225.50
224.00
223.50
225.50
221.00
224.50
222.50
221.00
224.50
222.50
222.50
223.50
222.50
220.50
221.50
221.50
223.50
222.00
219.50
223.50
221.50
221.50
215.00
214.50
216.00
217.50
217.50
217.00
215.50
98.50
101.00
99.50
100.50
100.50
100.00
98.50
101.50
100.00
101.50
100.50
101.00
101.50
100.50
100.00
100.00
99.50
103.50
101.50
102.50
105.50
107.50
106.50
105.50
105.00
106.50
108.00
107.00
105.00
105.50
106.50
106.50
107.00
103.50
107.00
106.50
104.50
106.50
105.00
106.00
106.50
104.00
100.50
99.50
101.50
99.00
99.50
99.50
100.50
98.50
100.50
99.50
99.50
100.50
101.00
99.50
100.50
98.50
100.00
101.50
99.50
101.50
101.50
103.00
100.50
100.50
100.50
101.00
101.50
106.50
106.50
107.50
106.50
108.50
105.50
106.50
106.50
107.00
104.50
105.50
106.50
105.50
106.50
108.50
105.00
107.00
107.50
105.50
106.50
107.50
106.50
233.50
240.00
234.50
241.00
231.50
229.00
228.00
225.50
226.50
226.50
226.50
224.50
224.50
226.50
224.00
223.50
221.00
224.50
224.50
230.00
226.50
228.50
223.00
225.00
223.50
221.50
221.50
219.50
223.50
222.50
222.50
220.50
222.50
219.00
222.50
222.50
220.50
223.50
224.50
222.00
221.00
221.50
106.00
106.00
106.50
107.50
106.50
106.50
105.50
104.50
105.50
101.50
99.50
101.00
99.50
101.50
101.50
100.50
100.50
101.50
100.50
99.50
100.00
100.00
101.50
100.50
99.00
99.50
102.50
100.00
101.50
101.50
100.50
99.50
99.00
98.50
100.00
99.50
106.00
105.00
104.50
107.50
106.00
105.50
105.50
106.50
104.50
104.50
105.50
106.50
104.50
106.00
105.00
106.50
104.50
102.00
104.00
105.50
105.50
105.00
100.50
101.50
100.50
101.00
101.50
100.00
98.50
99.50
98.50
99.50
100.50
101.50
99.00
102.50
101.50
99.50
100.50
100.50
100.00
101.50
99.50
102.50
100.50
100.50
100.50
100.50
101.50
107.50
105.50
106.50
105.00
105.50
106.50
105.50
105.00
238.00
242.00
237.50
229.00
228.00
227.50
225.50
224.50
225.50
222.00
224.50
226.00
225.00
222.50
221.50
216.50
218.00
220.50
220.50
217.00
219.00
218.50
216.00
216.50
218.00
214.50
215.50
216.00
218.00
215.00
216.50
214.50
216.00
213.50
217.50
215.00
214.50
214.50
213.00
215.00
215.50
108.50
109.00
104.00
105.50
104.50
105.50
106.50
106.50
106.00
105.50
106.50
104.00
106.50
107.50
107.50
104.50
105.00
105.50
104.50
105.50
107.50
106.00
104.50
99.50
108.50
106.50
106.50
107.50
108.50
106.50
107.00
105.00
105.50
108.00
109.00
105.50
106.50
106.00
106.50
107.50
115.50
116.50
105.50
105.50
107.00
106.50
105.50
106.50
106.00
106.50
107.00
106.50
106.50
105.50
106.00
106.50
103.50
105.00
106.50
108.50
106.00
106.00
105.50
105.50
105.00
105.50
107.50
106.50
105.50
104.50
106.00
106.00
101.50
102.00
101.00
100.50
103.00
100.50
102.50
101.50
100.00
102.00
101.50
102.00
99.50
101.50
101.00
99.50
99.50
101.50
100.50
101.00
101.50
101.00
99.50
99.50
99.50
98.50
107.50
241.50
241.00
238.50
234.50
229.00
228.50
227.50
224.00
223.00
225.50
226.50
224.00
223.50
223.50
224.00
224.50
225.00
222.50
223.00
223.50
222.00
223.00
223.50
225.50
216.50
218.50
219.00
218.00
217.50
217.50
216.50
215.50
217.50
215.50
216.00
215.50
216.50
217.50
216.50
215.50
213.50
101.00
100.50
100.50
99.50
100.50
100.50
102.50
102.50
105.50
106.50
105.00
105.00
106.50
105.50
107.50
104.50
105.00
106.50
108.50
105.00
104.00
107.50
104.50
106.00
105.50
105.00
105.00
104.00
106.50
106.00
106.00
101.00
100.50
102.00
100.00
99.50
100.00
101.50
101.50
101.00
102.00
99.50
101.00
100.50
101.50
101.50
100.50
100.50
99.50
99.50
99.50
101.00
99.00
99.50
101.00
101.00
101.00
109.50
106.00
105.00
105.00
108.50
106.50
105.50
105.50
105.50
107.50
106.00
104.50
105.50
105.50
106.50
106.00
106.50
107.50
106.50
106.50
105.50
106.00
106.50
103.50
98.50
109.50
105.50
107.50
107.00
106.00
106.50
105.00
105.50
106.50
108.50
106.50
106.50
105.50
106.50
105.50
114.50
125.50
240.50
239.50
238.00
235.00
230.50
229.50
226.00
225.50
223.50
227.00
225.50
225.50
223.50
226.50
225.50
248.50
249.00
255.50
238.50
232.50
232.50
231.50
236.50
233.00
230.50
229.50
222.00
222.50
223.50
224.50
221.50
218.50
218.50
216.50
215.50
215.50
215.00
215.50
215.50
216.00
217.50
214.50
214.50
99.00
99.50
100.50
103.00
100.50
101.50
101.50
100.50
100.50
100.00
100.50
100.50
99.50
99.00
100.50
105.50
105.00
107.50
106.50
110.00
106.50
109.50
106.50
111.00
105.50
108.50
104.00
105.00
105.50
104.50
104.50
104.50
106.00
104.50
104.50
105.50
104.50
104.50
99.50
95.50
100.50
100.50
102.00
102.00
99.50
101.50
100.50
99.50
100.50
102.00
101.50
101.50
99.50
100.50
101.00
101.50
102.00
102.50
101.50
101.50
100.50
101.50
100.00
100.50
106.50
106.50
104.50
106.50
108.50
106.00
106.00
106.50
106.50
105.50
105.50
105.50
104.50
106.50
104.50
104.00
105.50
105.50
104.00
104.00
105.50
106.00
105.50
103.50
104.50
99.00
99.50
100.50
100.00
100.50
101.50
102.50
100.00
100.50
100.50
99.50
101.50
99.50
99.50
101.50
101.50
102.00
102.00
101.50
101.50
231.50
234.50
232.50
230.00
224.50
230.50
225.50
226.50
225.00
226.50
226.00
226.00
223.50
222.50
224.00
223.50
224.50
221.50
223.50
225.00
223.00
223.50
222.50
221.50
222.50
219.50
220.50
218.50
217.50
221.00
223.00
222.00
223.50
220.50
222.00
220.50
220.50
220.50
222.50
104.50
105.50
104.50
107.50
106.50
107.00
111.50
116.00
109.50
106.50
107.00
106.50
106.50
108.00
106.50
105.50
105.50
105.50
105.50
107.50
111.00
110.00
106.50
105.50
105.50
103.50
106.50
106.50
106.50
105.50
107.50
107.00
106.50
105.50
107.00
105.50
106.50
106.50
103.50
98.50
99.50
101.50
101.50
98.50
101.50
101.50
101.50
100.50
102.50
100.50
99.50
99.50
100.50
102.50
101.00
100.50
101.50
102.00
102.00
103.50
100.00
99.50
102.50
99.50
101.00
112.50
107.50
106.50
106.00
107.50
107.00
106.50
105.00
106.50
106.50
106.50
106.50
105.50
104.50
105.50
105.50
105.00
106.50
105.00
104.50
107.50
104.50
105.00
103.50
101.50
100.50
100.50
100.00
101.00
101.50
100.50
99.50
101.00
99.50
100.50
101.00
99.50
101.50
100.50
99.00
100.50
100.50
101.00
100.50
101.50
101.50
100.00
231.50
236.50
235.50
233.50
232.50
229.00
229.00
227.50
225.50
229.00
225.50
227.50
227.00
224.50
226.50
225.00
225.50
225.50
223.50
224.00
224.50
223.00
223.00
222.00
221.50
223.00
220.50
216.00
217.00
216.50
215.50
216.00
216.50
215.50
213.50
217.50
216.00
216.50
216.50
102.50
100.50
100.50
101.00
100.50
100.00
100.50
100.50
101.00
100.00
100.50
99.00
101.50
102.50
109.50
107.50
107.00
107.50
108.00
105.50
106.50
106.50
104.50
103.50
106.50
105.50
104.50
107.50
106.50
105.00
104.00
104.50
105.00
105.00
104.50
106.50
104.50
105.50
104.00
105.50
105.50
105.50
104.50
105.00
104.50
103.50
105.50
104.50
105.50
107.50
107.50
107.00
104.50
107.50
114.50
119.00
106.50
109.50
106.50
106.50
107.00
108.50
107.00
105.50
107.50
105.50
105.50
106.50
106.50
108.50
107.50
106.50
106.50
105.50
108.50
106.50
105.50
105.50
103.50
105.00
106.50
105.00
104.00
104.50
104.50
104.00
103.50
101.50
101.00
100.50
99.50
100.50
99.00
100.50
101.00
99.50
99.50
100.50
100.50
101.50
100.50
99.50
102.00
101.00
100.50
100.50
101.50
100.50
101.50
99.50
100.50
99.50
100.00
170.50
242.50
243.00
235.50
233.50
229.00
227.50
226.50
228.00
225.50
226.00
225.50
225.00
223.50
225.50
222.50
223.50
220.50
226.00
222.50
222.50
223.50
221.00
221.50
217.50
218.50
217.50
218.50
217.50
217.50
217.50
216.50
217.00
214.50
217.50
218.00
213.50
216.50
215.50
216.00
157.50
99.50
101.00
98.50
99.50
100.50
101.00
100.50
100.00
102.50
103.50
106.50
105.50
107.50
106.50
109.00
106.50
104.50
106.00
106.50
107.00
106.50
106.00
106.00
106.50
105.50
105.50
106.50
106.00
107.50
106.50
107.50
108.00
105.50
102.50
99.50
100.00
100.50
100.50
100.00
99.50
101.50
101.50
100.50
102.00
101.50
101.50
100.50
99.00
98.00
101.50
102.50
101.50
100.50
103.50
100.00
102.50
101.50
102.00
99.00
109.50
106.00
106.50
106.50
108.50
106.50
107.50
106.00
106.50
106.00
107.50
108.50
107.00
105.50
108.00
106.50
105.00
108.50
107.50
107.50
107.00
106.50
104.50
101.50
102.50
107.50
107.50
107.50
107.00
106.00
106.50
105.00
105.50
107.50
106.50
106.50
106.50
105.00
106.00
105.50
120.50
121.00
109.50
105.50
111.50
106.50
106.50
106.50
110.00
110.50
106.50
246.00
246.50
245.00
241.00
236.50
233.50
234.00
233.00
232.00
232.50
230.00
231.50
230.00
230.00
230.00
231.50
229.50
229.50
227.50
227.00
224.50
220.50
222.00
221.50
221.50
217.50
216.50
218.50
216.50
218.00
217.00
218.50
217.00
218.50
216.50
217.50
216.50
216.50
214.50
217.50
216.00
215.50
215.00
101.50
110.50
111.50
112.00
115.50
116.50
118.00
147.50
150.50
149.00
150.50
153.50
153.00
151.00
150.50
152.50
151.00
152.00
152.50
154.00
151.50
151.50
151.50
149.00
149.50
150.50
150.00
145.50
147.50
145.00
145.50
143.50
144.00
142.50
143.50
143.50
143.00
143.50
144.50
142.50
142.50
142.50
142.50
142.50
144.50
142.00
143.50
142.50
143.00
141.50
143.50
289.00
289.50
288.00
301.00
294.00
296.00
294.00
294.00
299.25
303.50
302.50
302.00
292.00
295.00
294.50
294.00
291.00
116.50
115.50
115.50
119.50
115.00
116.50
120.50
114.50
116.00
165.50
165.50
166.50
173.50
171.50
171.50
172.50
172.00
111.50
112.50
146.00
120.00
115.50
116.50
117.50
116.00
115.00
114.50
114.00
115.50
115.50
115.50
117.00
116.00
113.50
114.50
117.50
121.50
120.50
122.00
121.50
119.50
105.50
127.00
128.50
129.00
131.50
129.50
128.50
127.50
130.50
126.00
128.50
128.50
261.00
262.50
260.50
257.50
252.50
251.50
245.50
250.00
248.50
246.50
247.50
247.00
244.50
245.50
244.50
245.50
234.50
244.00
244.50
400.00
397.50
397.00
406.00
410.50
397.00
400.00
400.50
394.00
396.00
399.00
395.00
396.00
393.00
395.50
392.00
394.00
394.50
394.00
395.00
339.00
282.00
282.00
283.00
284.50
284.00
285.00
284.50
282.00
282.00
282.50
281.00
281.00
283.00
281.50
280.00
275.00
276.00
276.00
275.00
275.50
273.50
274.00
274.50
276.00
276.00
273.50
275.50
270.00
270.50
271.00
270.50
269.00
269.00
268.50
270.00
267.00
267.00
267.00
269.00
267.00
268.00
277.00
274.50
274.00
274.50
274.50
275.50
273.50
275.00
277.50
282.00
280.50
281.75
282.00
284.00
283.00
282.00
280.25
284.00
278.00
276.50
276.00
277.50
277.00
274.50
296.50
297.00
300.00
300.50
301.00
299.50
302.00
297.50
299.00
297.50
379.00
297.00
1197.00
1194.00
1193.00
1327.50
1325.50
430.75
509.50
422.00
416.75
416.00
418.00
1491.25
2179.50
2175.50
2254.00
2164.00
2158.00
2142.50
2139.00
2125.50
2121.50
482.00
1362.00
1341.00
1315.00
419.50
421.50
502.00
417.00
417.00
419.50
416.00
416.00
416.00
417.25
415.00
464.00
1353.50
410.00
409.00
409.50
410.00
409.00
497.00
399.00
388.00
387.00
387.00
386.00
386.00
384.50
385.50
384.00
385.00
384.50
386.00
386.00
385.00
383.00
207.50
207.00
207.50
217.50
215.50
212.00
211.50
211.50
211.50
213.50
211.50
152.00
97.50
97.50
98.50
97.50
97.50
98.50
96.50
96.50
96.50
97.50
96.50
96.50
97.00
96.00
95.50
91.50
97.00
96.50
97.50
97.50
96.50
95.50
95.50
98.00
97.00
96.50
96.00
97.50
96.50
96.50
97.50
96.50
101.50
101.00
98.50
97.50
98.50
98.50
97.50
96.50
96.50
97.50
97.50
99.00
98.50
95.50
96.00
96.50
97.50
96.50
96.00
96.00
96.50
97.50
98.50
96.50
97.50
97.00
96.50
96.50
96.00
96.50
97.50
96.50
96.50
93.50
92.50
92.00
91.50
91.50
92.00
91.50
91.50
92.00
90.50
92.50
92.00
91.00
92.50
91.50
92.50
91.50
91.50
93.00
92.50
92.50
93.00
91.50
92.00
91.50
91.50
224.50
231.00
229.00
224.50
220.50
218.50
216.50
217.50
217.50
215.50
217.50
215.50
216.50
214.50
214.50
217.50
215.50
216.50
217.50
215.00
214.50
214.50
215.00
214.50
209.50
209.00
209.00
208.50
209.50
208.50
208.50
208.50
208.50
206.50
209.50
207.50
206.00
92.50
91.50
92.50
91.50
91.50
92.50
93.00
92.50
92.00
92.00
91.50
91.50
92.00
92.50
101.00
97.00
97.50
96.50
97.50
97.50
98.50
95.50
97.50
99.00
97.50
98.00
97.00
98.50
97.50
99.50
97.00
96.50
98.00
97.50
98.50
100.00
95.00
97.00
95.50
91.00
92.50
92.50
91.50
91.50
91.50
92.50
92.50
93.00
92.00
92.00
91.50
93.50
92.50
92.50
92.50
92.00
92.00
92.50
93.50
92.50
91.50
93.50
93.00
92.50
103.50
98.00
99.50
99.00
98.50
99.00
98.50
99.50
97.50
97.50
97.50
97.50
98.00
98.00
97.50
98.00
98.50
98.50
97.50
98.50
98.50
100.50
97.50
93.00
95.00
103.00
100.00
100.50
98.00
98.50
98.00
100.00
99.00
97.50
99.50
97.50
98.00
98.50
233.50
233.50
230.00
227.00
222.50
222.50
219.50
218.50
218.50
217.00
217.50
214.50
217.00
216.50
217.50
215.50
215.00
215.50
213.50
215.00
215.50
215.50
216.50
215.00
215.50
214.50
214.50
215.50
213.50
214.50
213.50
212.50
213.00
214.00
94.50
95.50
92.00
92.50
92.00
94.00
93.50
94.50
96.00
93.00
93.50
93.50
93.50
93.00
95.50
93.00
92.50
93.50
94.00
93.00
93.50
93.50
93.50
93.50
92.50
92.50
92.50
98.00
98.50
99.00
98.00
98.00
95.50
97.50
97.00
96.50
96.50
98.50
98.00
97.50
97.50
96.50
96.50
97.50
99.50
97.00
96.50
95.50
98.00
96.50
96.50
92.50
89.00
92.00
93.50
91.00
91.50
91.50
92.50
91.50
92.00
92.50
91.50
91.50
90.50
92.00
92.00
91.50
92.50
90.50
90.50
90.00
91.00
91.00
91.50
90.50
92.50
97.50
96.50
97.50
98.50
99.00
96.50
97.00
98.00
97.50
98.50
98.50
99.50
99.50
99.50
98.00
98.00
97.50
97.50
97.00
97.50
97.50
99.00
98.00
96.50
91.50
92.00
93.50
92.50
92.00
91.50
91.50
225.50
228.00
227.50
222.50
220.50
217.50
215.50
215.00
214.50
214.50
214.50
212.00
213.50
215.50
213.50
213.50
212.50
212.50
211.50
218.50
217.50
219.00
215.50
216.50
217.50
216.50
216.50
216.50
215.50
214.50
214.50
214.00
214.50
214.50
214.00
214.50
98.50
98.00
96.00
97.50
97.50
96.00
96.50
93.50
96.50
96.50
98.50
98.50
99.50
96.50
95.50
96.00
98.50
97.50
98.00
97.00
96.50
96.50
97.00
97.50
108.50
102.50
104.50
99.50
98.50
98.50
97.50
99.50
97.00
98.50
98.50
98.00
98.50
97.50
97.00
98.50
98.50
96.50
98.00
99.00
100.50
97.50
98.50
98.50
97.50
96.50
99.00
98.50
97.50
97.50
96.50
97.50
92.50
93.50
93.00
94.50
93.50
94.00
94.00
92.50
92.50
92.50
92.50
92.50
92.50
92.00
92.50
92.50
91.00
91.50
91.50
91.50
92.50
92.50
91.50
92.00
92.50
91.50
93.50
100.50
99.50
99.50
97.50
97.50
97.00
97.50
97.00
97.50
97.50
97.50
98.00
99.00
98.50
98.50
97.50
96.50
97.50
99.50
97.50
97.50
97.00
98.50
92.50
93.50
94.50
93.00
93.50
94.00
92.50
93.00
92.50
93.00
93.50
92.50
156.50
228.50
229.50
224.50
221.00
217.50
217.50
214.00
214.50
213.50
213.50
212.50
213.50
214.00
213.50
220.50
218.50
219.00
218.00
217.50
218.00
217.00
217.50
217.00
216.50
217.50
217.00
214.50
217.50
215.50
216.00
215.50
214.50
214.50
215.50
216.50
214.50
98.50
94.50
92.50
92.00
93.00
93.50
92.00
91.50
92.00
94.00
91.00
92.50
93.00
93.50
92.50
91.50
90.50
92.50
92.50
93.50
92.00
91.50
92.50
92.50
91.50
93.50
93.00
90.50
102.50
97.50
96.50
96.50
98.50
96.50
97.50
97.50
97.50
96.50
98.50
100.00
97.00
96.50
98.50
97.00
98.50
97.50
96.50
96.50
97.00
98.50
97.50
98.50
92.50
97.50
97.50
98.50
98.50
97.50
98.50
98.00
97.00
96.50
96.50
97.50
97.50
96.50
100.00
97.00
96.50
101.50
114.50
104.00
98.50
98.50
98.00
98.00
97.50
97.50
97.50
96.50
97.00
97.00
96.50
97.50
96.50
98.50
98.50
98.00
97.50
99.50
100.00
98.00
96.50
97.50
97.50
97.50
96.50
97.50
98.50
96.50
97.50
97.50
93.50
92.50
92.00
92.50
91.50
92.50
91.50
92.50
92.50
228.50
229.50
228.00
221.00
216.50
217.50
214.00
214.50
213.50
212.00
213.50
212.50
213.50
213.00
212.50
213.00
212.50
210.50
218.50
216.50
218.00
217.00
215.50
216.50
215.00
214.50
215.50
214.50
216.50
215.00
215.50
215.50
213.50
213.50
214.00
213.50
98.50
97.50
98.50
99.50
96.50
97.50
95.50
92.50
93.50
93.50
93.00
90.50
91.50
91.50
92.50
91.50
91.00
91.00
92.00
92.50
91.00
93.00
91.50
93.00
92.00
92.50
90.50
92.50
93.50
93.00
93.50
98.50
99.50
98.00
97.50
97.00
96.50
97.50
98.50
97.50
97.00
97.50
101.00
97.50
97.00
97.50
96.50
99.50
98.00
99.00
96.50
97.00
96.50
96.50
92.50
94.00
90.50
92.00
92.50
91.50
91.50
91.50
92.00
91.50
91.50
91.50
92.00
92.50
91.50
92.00
93.00
93.50
92.50
91.50
92.50
91.50
93.50
92.50
92.00
91.50
99.50
99.00
99.00
96.50
95.50
96.00
97.00
96.50
97.50
95.50
96.50
97.50
97.50
96.50
98.50
98.00
103.50
102.50
98.00
107.50
107.50
108.50
107.00
104.50
102.50
107.50
107.50
109.50
109.00
108.50
236.50
240.50
239.00
235.00
230.50
226.50
226.50
223.50
223.00
222.50
221.50
230.50
222.00
221.50
218.50
217.00
218.50
217.00
217.50
217.50
216.50
215.50
216.50
217.50
215.50
217.50
215.50
216.50
216.00
215.00
215.50
215.50
217.50
214.50
213.50
214.50
214.50
213.50
97.50
98.50
96.50
96.50
96.50
96.50
92.50
92.00
91.50
91.50
90.50
91.50
92.00
90.50
92.00
90.50
91.50
92.50
91.50
92.50
91.50
91.00
92.50
91.50
92.50
92.00
92.50
94.00
91.50
91.50
90.50
91.50
100.50
97.00
97.50
97.50
99.50
98.50
96.50
97.50
97.50
97.00
97.50
96.50
96.50
97.50
97.50
96.00
96.50
96.50
97.50
96.00
96.50
96.50
96.00
96.50
91.00
93.00
91.00
90.50
91.00
90.00
91.50
91.00
92.00
92.00
91.50
93.50
91.50
91.50
92.50
91.50
92.50
92.00
90.50
90.50
92.50
93.00
91.50
90.50
91.50
92.50
96.50
97.50
98.50
96.00
98.00
96.50
96.50
96.50
96.00
96.50
96.50
97.00
98.00
96.50
98.00
97.50
97.50
98.00
97.50
97.50
97.00
98.00
96.50
92.50
92.50
226.50
231.50
257.50
255.50
251.50
221.50
221.00
219.50
218.50
2006.00
737.50
342.50
2006.00
340.00
1959.00
338.50
217.00
1949.00
1969.00
1973.00
1958.00
1944.00
1925.25
1927.00
1937.00
1922.00
221.00
218.50
220.50
218.50
217.50
218.50
219.50
218.00
217.50
218.50
261.50
219.50
220.00
305.00
289.50
302.00
307.00
309.00
316.50
292.50
309.50
308.50
299.50
309.50
287.00
301.50
310.50
310.00
314.50
308.50
308.00
309.00
310.50
309.50
195.00
197.50
197.50
196.50
197.00
213.50
208.00
194.50
192.50
194.50
176.00
192.50
192.50
190.50
190.00
193.50
194.00
200.50
197.50
198.00
199.50
195.00
189.50
192.00
194.50
191.50
198.50
194.00
190.50
187.00
190.00
184.50
186.00
185.50
181.50
187.50
184.50
185.50
182.50
174.50
171.50
170.50
171.50
173.00
182.50
173.00
173.50
180.00
183.50
181.50
185.50
179.50
167.00
171.50
168.50
169.50
169.50
172.50
170.50
154.00
154.50
153.50
152.50
155.00
183.50
168.50
196.00
185.50
186.50
198.00
195.00
193.00
189.00
192.50
317.50
320.00
320.00
323.50
318.50
314.50
308.50
307.50
313.00
307.50
306.50
312.00
306.00
309.50
307.50
308.00
306.00
296.50
296.50
289.50
295.50
297.50
290.50
290.50
292.00
292.50
292.50
280.00
276.50
279.50
276.00
278.50
278.50
281.00
282.50
284.00
280.50
276.00
294.50
288.50
285.50
285.50
281.50
165.50
185.50
186.50
186.50
189.50
186.50
188.50
186.00
186.50
184.50
186.50
183.50
178.50
173.50
181.00
166.50
160.50
171.00
184.50
178.50
179.50
180.50
179.00
171.00
143.50
154.00
175.50
177.00
179.50
181.50
163.50
167.50
171.50
173.50
177.00
181.50
175.50
183.50
191.50
189.50
188.50
190.50
196.50
195.00
194.00
197.50
189.50
188.00
187.00
187.50
193.50
195.50
195.50
199.00
196.50
197.50
197.50
188.50
195.50
191.50
194.50
188.00
188.50
177.00
195.50
189.50
191.00
189.50
184.50
185.50
194.50
181.00
182.50
169.00
167.50
162.50
165.50
162.50
191.50
192.00
189.00
187.50
177.50
175.00
176.50
194.50
179.50
179.50
181.50
182.50
176.50
176.50
168.50
176.50
177.50
172.00
176.00
175.50
172.50
302.50
313.50
308.50
315.50
308.00
308.50
308.50
304.50
306.50
307.50
303.50
304.50
301.50
304.00
303.50
303.50
306.50
302.00
304.50
298.50
290.00
287.50
288.00
285.00
283.50
286.50
287.50
296.50
300.50
295.00
289.50
295.50
297.50
301.00
293.50
301.50
295.50
300.00
189.50
187.00
185.50
188.50
191.00
190.00
198.50
193.50
198.00
198.50
198.50
196.00
195.50
200.50
196.50
193.50
194.00
196.50
197.50
193.00
185.50
187.50
185.00
180.50
188.00
179.50
176.50
172.00
178.50
184.50
180.50
181.00
180.50
180.50
181.00
175.50
180.00
177.50
174.50
175.50
174.00
178.00
170.50
169.50
168.00
169.50
170.50
170.00
170.50
169.50
174.50
171.50
179.50
179.50
179.00
168.50
167.50
168.50
168.00
168.50
163.50
166.00
167.50
112.50
113.50
112.50
117.00
114.50
127.50
136.50
139.50
140.00
143.50
142.00
143.50
139.00
138.50
140.00
136.50
140.00
136.50
138.50
139.50
140.50
144.00
140.50
140.50
141.50
144.50
141.50
139.50
133.00
141.00
145.50
144.00
144.50
142.50
143.50
139.50
146.50
215.50
288.50
273.50
274.50
264.00
276.50
276.00
269.00
271.50
264.50
267.50
265.50
260.50
268.50
265.00
258.50
261.50
259.50
266.50
258.50
263.50
257.50
256.50
266.50
255.00
256.00
254.50
256.50
259.50
250.50
266.00
256.50
254.50
258.00
251.50
253.50
250.50
252.50
259.50
257.50
138.50
135.50
138.50
137.50
135.50
144.50
141.00
150.50
136.50
138.50
136.50
135.50
136.50
136.50
137.50
135.50
136.50
140.00
137.50
134.50
137.50
134.50
138.50
136.50
135.50
136.50
138.50
136.00
137.00
259.50
258.50
258.00
261.50
305.50
265.50
269.00
271.50
274.50
274.50
267.50
268.50
268.00
253.50
252.50
252.50
251.50
250.00
248.50
249.50
249.50
248.50
249.50
249.00
249.50
249.50
251.00
248.00
250.00
248.50
250.00
247.50
383.50
385.00
381.50
385.50
380.50
375.00
383.50
379.50
374.50
376.50
374.50
372.75
375.50
373.50
372.50
374.00
375.50
373.00
373.50
374.50
375.50
373.25
374.50
373.50
374.50
373.00
372.50
373.50
371.50
373.50
374.50
375.00
368.50
368.50
367.50
369.50
371.50
367.50
369.50
368.50
368.50
369.00
367.50
251.50
252.50
251.50
252.50
251.50
251.00
251.50
251.50
251.00
248.50
255.50
253.50
255.00
250.00
252.50
249.50
250.50
252.50
249.50
250.50
250.50
253.50
254.50
252.00
255.00
252.00
252.00
251.50
250.50
252.50
251.50
246.50
253.50
253.00
253.00
250.50
252.50
250.50
252.50
252.50
252.50
253.00
250.50
250.00
251.50
251.50
251.50
251.50
252.50
251.50
251.50
253.00
251.50
250.50
252.50
252.00
252.50
250.50
250.50
251.50
261.50
261.00
276.50
278.50
279.50
401.00
409.50
409.00
405.00
407.50
405.50
398.50
402.50
395.50
399.50
403.00
397.50
401.50
398.50
400.00
404.50
391.50
405.50
403.50
392.50
390.50
396.00
395.50
395.50
396.00
395.50
398.00
393.50
394.50
397.00
395.50
398.50
394.00
391.00
396.50
407.50
396.50
414.50
395.50
395.50
397.50
396.50
392.50
398.00
394.50
277.50
278.50
281.50
281.50
274.00
285.50
273.50
273.50
275.00
300.50
302.00
304.00
301.50
301.50
308.00
303.50
303.50
303.00
303.00
302.00
301.50
303.50
302.50
296.50
297.50
298.00
294.50
383.00
294.00
295.50
293.50
292.50
290.00
289.50
289.50
289.50
288.50
290.00
291.00
289.50
276.50
275.50
276.50
275.50
277.50
275.50
275.50
275.50
273.00
278.00
415.50
415.00
413.50
409.50
406.50
403.50
401.50
400.50
399.00
397.50
393.50
396.00
393.50
394.50
392.00
392.50
391.50
393.50
392.50
394.50
392.50
392.50
391.50
392.50
394.00
391.50
391.50
392.50
396.50
392.50
391.50
394.00
392.50
391.50
393.50
391.50
393.50
392.50
392.50
392.50
393.00
366.50
266.50
265.50
270.00
272.50
283.50
266.50
266.50
272.50
274.00
270.50
272.50
270.50
269.50
271.50
270.50
283.50
287.50
274.50
285.50
284.00
275.50
263.50
265.50
286.50
273.50
273.50
278.50
268.50
274.50
271.00
269.50
277.50
267.50
270.50
259.50
266.00
268.00
269.50
264.50
271.00
272.50
270.50
266.00
264.00
264.50
272.50
271.00
272.50
266.00
268.50
264.50
272.50
426.50
415.50
413.50
414.50
416.50
417.50
421.50
420.50
421.50
419.50
426.00
419.50
418.50
423.50
421.50
423.50
422.50
419.00
420.00
419.50
545.50
553.00
548.50
545.50
545.00
540.50
539.50
537.50
534.50
534.50
537.50
545.50
543.50
542.50
538.00
620.50
536.50
535.50
536.50
533.50
535.50
534.50
537.50
535.00
534.50
535.50
545.50
542.50
543.50
541.50
536.00
540.50
536.50
537.00
540.50
537.50
538.00
538.50
625.50
537.50
374.50
376.50
376.50
417.00
438.50
456.50
457.00
455.50
455.50
456.00
344.50
339.50
338.50
343.00
344.50
341.50
340.50
345.50
333.50
337.00
336.50
336.00
336.50
333.50
335.50
334.50
328.50
335.50
338.50
337.50
334.50
330.50
335.00
335.50
340.50
338.50
340.00
341.50
347.00
344.50
264.50
273.25
284.25
308.00
316.00
309.00
309.50
307.00
302.00
308.50
304.00
306.50
304.75
304.50
390.50
430.50
434.50
433.00
428.50
424.00
421.00
420.50
420.50
419.50
418.50
416.50
419.50
412.50
411.00
412.00
411.50
412.50
412.50
411.50
412.50
412.00
410.50
408.50
411.00
410.00
411.50
408.50
395.50
392.50
393.50
260.50
262.50
260.50
260.50
260.50
260.50
260.50
259.50
269.50
267.00
268.50
265.50
266.50
265.50
265.50
264.50
264.50
260.50
258.50
143.00
144.50
144.50
141.50
143.00
142.00
142.50
143.50
140.50
141.50
141.50
140.50
141.00
140.50
141.50
139.50
140.50
139.50
140.50
140.50
141.00
140.50
139.50
141.00
140.00
140.50
141.50
142.00
141.50
142.50
141.50
142.50
143.50
144.50
140.50
142.50
142.50
139.25
144.50
147.50
147.50
146.50
142.50
142.50
142.00
142.50
140.50
138.00
140.25
139.50
275.50
276.50
271.50
269.00
419.00
417.00
413.00
412.00
413.00
411.00
414.50
412.00
412.00
421.00
416.00
419.00
411.50
412.00
412.00
411.00
413.50
412.00
411.00
410.00
412.00
410.00
410.00
412.00
411.00
434.50
418.50
418.00
414.00
414.00
416.00
417.00
417.50
413.00
416.00
414.00
429.00
429.00
436.00
428.50
428.00
428.00
426.00
430.50
428.00
429.50
430.50
315.00
314.50
315.00
316.00
315.00
317.00
315.00
314.50
315.50
313.00
317.00
314.50
316.00
317.50
316.50
317.00
314.00
315.00
312.50
314.00
307.00
310.50
310.00
311.00
314.50
313.00
312.50
311.00
312.50
311.50
313.00
311.50
297.00
297.00
297.50
297.00
307.00
306.00
304.00
305.00
314.00
313.50
312.00
313.00
312.50
315.00
313.50
314.50
314.00
313.00
309.50
306.50
308.00
308.00
308.00
308.00
306.00
305.50
152.50
151.50
272.00
277.50
273.50
275.50
270.00
264.50
263.50
262.50
260.50
259.50
568.00
563.00
560.50
561.00
558.50
558.50
560.00
557.50
558.50
675.50
680.50
766.50
767.50
762.50
765.50
773.50
780.00
692.50
698.50
697.50
696.50
697.50
661.50
668.50
668.00
669.50
668.50
668.50
669.50
671.00
667.50
670.50
668.50
281.00
255.50
259.50
258.50
256.50
257.50
256.50
256.50
255.50
256.00
254.50
254.50
255.50
255.50
254.50
258.50
283.00
286.50
284.50
285.50
283.00
282.50
284.50
284.00
283.00
283.50
281.50
281.50
281.50
279.50
280.00
289.50
286.50
284.00
285.50
281.50
279.00
280.50
279.50
251.50
239.50
240.00
120.50
181.50
98.50
98.00
98.50
256.50
247.50
243.00
242.00
245.50
244.50
243.50
243.50
243.50
249.50
245.50
244.50
244.50
244.50
244.50
241.50
242.00
240.00
240.50
240.00
239.50
238.50
238.50
240.50
240.50
249.00
238.00
238.50
236.50
236.50
236.50
236.50
236.50
235.50
233.50
233.50
236.00
233.50
233.50
232.00
232.50
234.00
232.00
234.50
233.00
232.00
235.00
231.50
230.50
231.50
232.50
230.50
219.00
215.50
216.50
215.50
209.50
210.50
209.50
209.50
208.50
207.00
209.00
210.00
208.50
208.00
208.50
207.50
207.50
209.50
207.00
208.00
206.00
207.50
205.00
206.50
205.50
206.50
206.00
204.00
206.50
206.00
203.50
209.50
212.00
207.50
204.50
203.50
205.50
205.50
204.00
204.00
204.50
204.50
204.00
204.50
205.50
204.00
203.50
202.50
203.50
202.50
202.50
203.50
202.50
202.00
204.50
201.50
202.50
202.50
202.50
202.00
200.50
201.50
201.50
202.00
202.50
141.00
81.50
95.50
96.00
96.50
96.50
97.50
97.00
97.50
96.50
97.00
96.50
97.50
96.00
97.00
104.50
103.00
104.00
103.50
102.50
101.50
104.50
105.00
102.00
101.50
105.50
103.00
103.50
103.50
102.50
104.00
102.50
102.50
103.00
97.00
89.50
89.00
88.50
82.50
82.00
82.00
81.50
81.50
82.50
82.00
82.50
82.50
82.50
81.50
82.50
81.50
82.50
82.50
82.00
83.50
82.50
81.50
82.50
82.50
83.00
83.50
82.50
82.50
82.00
83.50
90.50
225.00
224.50
220.50
212.50
208.00
205.50
207.50
204.50
205.50
203.50
204.00
203.50
204.50
201.50
203.00
202.50
202.50
201.50
202.50
201.50
202.00
202.00
202.50
205.50
207.50
207.50
207.50
202.00
202.00
200.50
200.00
200.50
200.50
201.00
201.50
200.50
199.50
141.50
83.50
102.00
87.50
89.50
89.50
88.50
87.50
89.50
88.50
87.50
88.50
87.00
86.50
87.50
88.50
88.00
87.50
87.50
89.00
87.00
88.50
87.50
88.50
87.50
89.50
89.00
86.50
89.50
87.00
89.50
87.50
88.50
87.50
87.50
82.50
83.50
83.50
83.00
82.50
83.50
83.50
83.50
82.50
82.50
81.50
83.50
82.50
83.50
84.00
81.50
82.50
82.50
83.50
83.50
83.50
83.00
83.50
82.50
84.00
82.50
89.50
88.50
89.00
88.50
88.00
91.00
88.50
88.00
88.50
88.50
87.50
88.00
154.50
223.50
222.50
220.00
216.50
212.00
210.00
208.50
207.50
209.00
206.50
204.50
203.00
203.50
204.50
203.50
202.50
202.50
199.50
202.50
202.00
200.50
203.50
201.50
202.50
201.50
201.00
201.50
201.50
201.00
200.50
