15.00
15.50
14.50
15.00
15.00
14.00
15.00
15.50
15.50
14.00
14.50
15.00
15.00
14.00
15.00
14.50
14.00
15.00
14.00
15.00
15.00
15.00
14.00
14.00
14.50
14.00
14.00
14.50
14.50
15.00
15.00
14.00
15.00
14.00
14.50
14.00
14.00
14.50
14.50
14.00
14.00
14.00
15.00
14.50
14.50
14.00
15.00
14.00
14.00
14.00
15.00
15.50
14.00
14.00
14.00
16.00
15.00
13.50
14.00
15.00
16.50
13.00
14.00
14.50
16.00
13.00
14.50
16.00
14.00
14.00
14.00
14.00
15.00
15.00
14.00
16.00
15.50
14.00
14.00
13.00
14.00
14.00
14.00
14.00
13.50
17.00
14.00
15.50
14.00
14.00
14.00
14.00
15.00
15.00
15.00
16.00
14.00
14.00
16.00
16.00
16.00
16.00
14.00
15.00
15.00
16.00
16.00
13.50
14.00
14.00
15.00
15.00
16.00
15.00
13.00
13.00
15.00
13.00
13.00
14.00
13.50
16.00
13.00
13.00
15.00
15.00
14.00
16.00
14.00
13.00
13.50
13.50
16.00
13.50
14.00
16.00
16.00
14.00
16.00
14.00
15.00
13.00
14.00
14.00
16.50
14.00
14.00
15.50
14.00
13.00
13.50
14.00
14.50
15.00
14.00
16.00
14.00
13.50
14.00
15.00
15.00
14.00
16.00
16.00
16.00
14.00
14.50
13.50
14.00
14.00
14.50
14.00
14.50
14.50
14.00
14.00
14.00
14.00
14.50
14.00
14.00
14.50
15.00
14.00
15.00
14.00
14.50
15.00
15.00
14.50
14.00
15.00
14.00
14.50
14.50
14.00
14.50
14.00
14.00
14.00
14.00
14.00
14.00
14.50
14.00
14.00
14.00
15.00
14.00
15.00
15.00
15.00
15.00
15.00
15.00
14.50
14.50
15.00
15.00
14.50
15.00
14.00
14.00
15.00
14.00
15.00
15.00
14.00
13.00
15.00
14.00
14.00
14.00
14.50
14.00
16.00
14.50
16.00
16.00
14.00
13.00
15.50
16.00
14.00
16.00
13.00
15.00
14.00
16.00
15.00
14.00
15.50
16.00
15.00
15.00
16.00
14.00
16.00
13.00
15.00
16.50
14.00
14.00
16.00
14.00
16.00
15.00
13.50
14.00
14.00
14.50
14.00
15.00
14.00
15.00
14.00
16.00
14.00
14.00
16.00
15.00
16.00
14.00
14.00
13.00
16.00
14.00
16.00
15.00
16.00
13.50
15.00
15.00
15.50
16.50
16.00
15.00
16.00
16.00
16.00
15.50
14.00
14.00
16.00
16.00
16.00
16.00
14.00
16.00
16.00
15.00
16.00
16.00
13.00
13.00
14.00
15.00
13.50
14.00
14.00
14.00
14.00
16.00
16.00
15.00
14.00
16.50
15.00
14.00
15.00
16.00
14.00
13.00
13.50
16.00
16.00
15.00
14.00
16.00
15.00
15.00
14.00
15.50
16.00
14.00
16.00
15.00
14.00
17.00
14.00
14.00
13.00
15.00
15.00
15.00
15.00
15.50
15.00
15.00
15.00
15.00
15.00
15.00
15.00
16.00
15.00
15.00
15.00
15.00
15.00
15.00
15.00
15.00
16.00
15.00
15.00
15.00
15.00
15.00
15.00
15.00
15.00
15.00
15.00
15.00
15.00
15.00
15.00
15.00
15.00
15.00
15.00
15.00
15.00
15.00
15.00
15.00
15.00
15.00
15.00
15.00
15.00
15.00
15.00
15.00
15.00
15.00
15.00
14.00
15.50
14.00
16.00
15.00
13.00
14.00
15.00
14.00
14.00
16.00
14.00
14.00
14.00
14.00
14.00
14.00
14.00
16.00
14.00
14.00
16.00
14.00
15.00
14.50
14.00
14.00
14.00
14.50
14.00
13.00
14.00
14.50
14.00
13.00
14.00
14.00
14.00
14.00
14.00
13.50
14.50
14.00
14.00
14.00
15.00
14.00
14.00
13.00
14.00
14.00
14.50
13.00
14.00
15.00
13.50
14.00
13.00
15.00
14.00
14.00
14.50
14.00
14.00
16.00
13.50
14.00
14.00
15.00
15.00
14.00
14.00
13.00
14.00
14.00
14.50
14.00
17.00
14.00
15.00
14.00
14.00
13.00
14.00
13.50
15.00
16.00
14.00
15.00
14.00
14.00
14.50
16.50
14.00
15.00
14.00
14.00
16.50
15.00
14.00
15.00
15.50
14.00
14.00
14.50
15.00
14.00
15.00
14.00
14.00
14.00
13.50
14.00
14.00
14.00
16.00
16.00
14.00
14.00
15.00
14.00
13.50
16.00
16.00
15.00
15.00
15.00
14.50
15.00
15.00
15.00
15.00
14.50
14.00
15.00
15.00
14.00
14.50
15.00
14.50
15.00
15.00
15.00
14.00
15.00
15.00
14.50
14.50
14.00
14.00
14.00
14.00
15.00
14.50
14.50
15.00
14.00
14.00
15.00
15.00
15.50
14.50
15.00
15.00
14.00
14.50
15.00
15.00
14.00
14.50
14.00
15.00
14.00
14.00
14.50
15.00
15.00
15.00
15.00
14.00
14.00
15.00
14.50
14.00
15.50
15.50
14.00
16.00
15.00
16.00
14.00
14.00
16.00
14.50
16.00
16.00
14.00
15.50
15.00
14.00
15.00
14.00
14.00
14.00
14.00
14.00
14.00
14.00
16.00
14.00
16.00
16.00
13.00
15.00
14.00
14.00
14.00
16.00
16.00
16.00
15.00
16.00
14.00
15.00
14.00
15.00
14.00
16.50
16.00
16.00
16.50
14.00
14.00
14.00
14.00
13.00
14.00
16.00
16.00
14.00
15.00
14.00
14.00
14.00
16.00
16.00
16.00
14.00
16.00
16.00
16.00
16.00
15.00
16.00
16.00
14.00
14.50
14.00
16.00
14.00
16.00
14.00
14.00
15.00
16.00
16.00
15.50
15.00
14.00
14.00
16.00
15.00
15.00
14.00
14.00
15.00
1084.00
1076.00
1076.00
1079.00
1078.00
1078.00
1077.50
1079.50
1079.00
1078.50
1074.00
1078.00
1073.00
1077.00
1075.00
1074.00
1071.00
1069.00
1072.00
1072.50
14.50
15.00
1075.00
545.00
15.00
15.00
15.00
15.00
15.00
15.00
14.50
15.00
14.00
545.50
15.00
14.50
14.50
14.00
15.00
15.00
15.00
547.50
15.00
15.00
14.00
14.00
14.50
14.00
14.00
14.50
15.00
1070.00
14.00
14.00
14.00
13.00
14.00
14.00
15.00
1075.00
14.00
14.50
14.00
14.00
16.00
15.00
15.00
14.00
544.00
15.00
14.00
15.00
14.00
15.00
14.00
14.00
14.00
14.50
14.00
14.50
14.50
14.00
15.00
14.50
1075.50
15.00
15.00
14.50
14.00
14.50
16.00
16.00
1083.00
15.00
14.00
16.00
14.00
14.00
15.00
15.00
14.00
663.00
15.00
16.00
14.00
14.00
14.00
15.00
14.00
15.00
1087.00
16.50
14.00
16.00
15.00
14.00
14.50
14.00
14.00
545.50
15.00
14.00
14.00
14.00
14.00
16.00
13.50
14.00
14.00
1080.50
14.00
14.00
16.00
15.50
16.00
14.00
15.00
14.50
16.00
14.00
15.50
1083.00
14.00
14.00
14.00
14.00
13.50
16.00
16.00
14.50
15.50
14.00
1079.00
14.00
14.00
14.00
14.00
14.00
14.00
14.00
14.50
14.00
14.00
1078.00
14.00
14.00
14.00
14.00
14.00
15.00
16.00
15.00
14.00
14.00
15.00
16.00
16.00
15.00
15.00
14.50
15.00
15.00
14.50
15.00
16.00
15.00
1072.50
15.00
15.00
14.00
15.00
15.00
14.00
15.00
16.00
17.00
17.00
15.00
16.00
15.00
15.00
16.00
16.50
16.00
15.00
16.00
17.50
16.00
17.00
17.00
1087.00
17.00
17.00
16.00
16.00
17.00
16.50
16.00
16.50
16.50
16.00
16.00
16.00
16.00
17.00
16.00
16.00
16.50
17.00
16.00
16.00
17.00
16.00
17.00
552.50
16.00
17.00
16.00
17.00
16.00
17.00
17.00
17.00
16.00
17.00
17.00
1085.00
16.50
16.00
16.00
18.00
16.00
16.00
16.00
16.00
15.00
17.00
16.00
18.00
18.00
16.00
16.00
17.00
16.00
15.00
15.50
16.00
17.00
16.00
15.00
15.00
1089.00
16.00
16.00
15.00
16.50
15.50
15.00
18.00
17.50
16.00
16.00
15.50
16.00
16.00
15.00
15.00
18.00
16.00
16.00
15.00
15.00
16.00
16.00
16.00
1089.00
16.00
16.00
15.00
16.00
16.00
16.00
17.00
16.00
16.00
17.50
16.00
16.00
16.00
16.00
16.00
16.00
16.00
16.00
16.00
16.50
16.00
15.00
16.50
16.50
17.00
16.00
15.50
15.00
15.00
16.00
16.00
16.00
16.00
15.00
16.00
1090.00
15.50
16.00
15.00
16.00
15.00
16.00
16.00
16.50
15.00
15.00
16.00
16.00
551.50
14.50
15.00
15.00
16.00
16.00
16.00
15.50
17.00
15.00
16.00
16.00
552.50
17.00
17.00
16.50
17.00
16.50
16.50
16.00
16.50
17.00
17.00
17.00
1089.50
17.00
16.00
17.00
17.00
16.00
15.00
17.00
17.00
16.00
17.00
16.50
16.00
17.00
17.50
17.00
18.00
16.00
17.00
17.00
16.50
17.50
17.00
17.00
17.00
16.50
1089.00
17.50
17.00
17.00
17.00
16.50
16.00
17.00
16.00
16.00
17.00
16.00
16.50
1093.00
17.00
16.50
16.50
16.00
17.00
17.00
17.50
16.50
16.00
18.00
17.00
17.00
16.50
17.00
16.50
16.00
16.00
15.50
15.00
15.50
16.00
16.00
16.00
16.00
15.50
16.00
16.00
16.00
16.00
15.00
15.00
15.50
15.00
15.50
16.00
15.00
16.00
17.50
16.00
16.00
17.00
16.00
16.00
16.00
16.00
16.00
18.00
16.00
16.00
15.50
15.50
16.00
16.00
16.00
16.00
18.00
16.00
16.00
18.00
16.00
15.50
16.50
16.00
17.50
18.00
16.00
16.00
16.00
16.00
16.00
16.00
16.00
15.00
16.00
16.00
17.00
16.00
15.50
16.00
15.50
16.00
16.00
17.00
18.00
17.00
16.00
16.00
16.00
15.00
17.00
16.00
16.00
16.00
16.00
18.00
16.00
15.50
16.00
16.00
18.00
18.00
16.00
16.50
16.00
18.00
16.00
17.00
18.00
17.00
18.00
16.00
16.00
16.00
18.00
16.00
16.00
16.00
16.00
18.00
17.00
16.00
17.00
17.00
17.00
17.00
17.00
17.00
17.00
17.50
17.00
17.00
17.00
17.00
17.00
17.00
17.50
17.00
17.00
17.00
17.50
16.00
17.00
17.00
17.00
17.00
17.50
17.00
17.00
16.00
17.00
17.00
17.00
17.00
17.00
16.50
17.00
18.00
17.00
17.00
17.50
17.00
16.50
17.00
17.00
17.00
16.50
17.00
17.00
17.00
17.00
17.00
17.00
16.00
16.50
17.00
16.50
17.00
16.50
17.00
17.00
16.00
16.50
17.00
17.00
17.00
15.00
15.00
15.50
15.00
15.00
16.00
14.00
14.00
14.00
14.00
14.00
14.00
14.00
14.00
14.00
14.50
14.00
14.00
15.00
14.00
14.00
14.00
14.00
14.00
14.00
15.50
13.50
14.00
14.00
14.00
13.00
14.00
14.00
16.00
14.00
16.00
1918.00
1920.50
1927.00
1911.00
1925.00
1026.50
139.00
87.00
85.00
85.00
87.00
87.00
297.50
472.00
478.00
483.00
485.00
486.00
486.50
485.00
486.00
487.00
486.50
487.50
488.00
489.50
487.00
488.00
486.00
483.00
482.50
484.00
484.00
486.00
486.00
486.50
496.00
500.00
499.00
500.00
500.00
504.00
500.00
504.00
505.00
504.50
505.00
505.00
504.00
501.00
99.00
99.00
94.50
95.00
95.00
95.00
95.00
95.00
94.00
95.00
94.00
95.00
94.00
94.00
94.00
95.00
94.00
93.00
94.00
105.50
1949.00
1960.00
1937.00
97.00
496.00
498.50
501.00
500.00
499.50
95.00
95.00
95.00
96.50
95.00
96.00
95.00
293.00
498.00
497.00
497.00
94.00
94.00
95.00
94.00
94.00
94.00
95.00
95.00
497.00
493.00
495.00
495.00
94.00
94.00
94.00
94.00
94.00
131.00
495.50
495.00
493.00
495.00
496.00
496.00
93.50
94.50
94.00
94.00
94.00
94.00
94.00
499.50
494.00
494.00
494.00
93.50
94.00
94.00
94.00
94.00
94.00
94.00
494.00
493.00
495.00
493.00
97.00
95.00
95.00
95.00
96.00
95.00
95.00
421.00
495.50
495.00
495.00
95.00
95.00
95.00
95.00
95.00
95.00
97.00
502.50
494.00
494.00
496.00
132.00
96.00
94.00
96.50
96.00
94.00
96.00
95.00
96.00
95.00
96.00
94.00
95.00
94.00
94.00
94.00
95.00
94.00
94.00
94.00
96.00
94.00
94.00
94.00
94.00
94.00
94.00
96.00
94.00
94.00
94.00
94.00
93.50
53.00
42.00
42.00
43.00
42.00
42.00
43.00
42.00
42.00
43.00
42.00
42.00
42.00
42.00
42.00
42.00
43.50
42.00
42.00
41.50
42.00
42.00
42.00
43.00
42.00
42.00
43.50
42.00
42.00
44.00
42.00
44.00
42.00
44.00
42.00
44.00
43.00
44.00
43.50
42.00
42.00
43.00
42.00
42.00
41.00
41.00
41.00
41.00
41.50
41.00
41.00
41.00
41.00
42.00
41.00
41.00
41.00
41.00
41.00
41.00
41.00
41.50
41.00
41.00
41.00
41.00
41.00
40.00
41.00
41.50
41.00
41.00
42.00
41.50
41.00
41.00
41.00
43.00
41.00
41.00
41.00
41.00
42.00
42.50
43.00
42.00
41.00
43.00
41.50
42.00
43.00
41.00
41.50
42.00
41.00
40.50
42.50
41.00
43.00
40.50
41.00
43.00
42.50
43.00
43.00
42.00
43.00
44.00
43.00
42.00
43.00
43.00
44.50
43.00
42.00
44.00
44.00
44.00
42.00
42.00
44.00
44.00
44.00
44.00
44.00
44.00
44.00
44.00
43.00
44.00
44.00
44.00
44.00
44.00
44.00
44.00
44.00
44.00
44.00
44.00
44.00
44.00
44.00
44.00
44.00
44.00
44.00
44.00
44.00
43.00
44.00
44.00
44.00
44.00
44.00
42.00
44.00
44.00
44.00
44.00
44.00
44.00
43.00
44.00
44.00
43.00
44.00
44.00
44.00
44.00
44.00
44.00
44.00
42.00
42.00
42.00
58.00
53.00
54.00
51.00
52.00
51.00
296.00
296.00
293.00
297.00
296.00
295.00
295.00
297.00
296.00
293.00
293.50
294.00
294.00
293.50
294.00
294.00
293.50
293.00
293.50
292.50
296.00
240.00
231.00
78.00
79.50
80.00
55.50
48.00
47.00
46.00
46.50
47.00
47.00
1289.00
1282.50
1270.00
1270.50
1270.00
1269.00
1269.00
1267.50
1265.00
1265.00
1267.00
1263.00
1269.00
1267.50
1265.00
1266.00
1263.50
1264.50
1261.00
1262.00
1260.00
1257.00
1259.00
1257.50
1258.00
1246.00
1252.00
1252.50
1250.50
1252.00
1249.50
1249.00
1245.00
1246.50
1242.00
1244.00
1244.50
43.00
292.00
290.50
167.50
166.00
292.00
289.50
44.00
290.00
290.00
43.00
290.50
289.50
167.00
43.00
290.50
291.00
312.00
264.00
246.00
77.00
73.00
71.50
46.00
47.00
222.00
94.50
193.50
202.00
189.50
181.00
186.00
190.00
190.00
192.00
1403.50
1390.50
1389.00
1390.00
1390.50
1391.00
1385.00
1383.00
1386.00
1379.00
1379.50
1375.00
1374.00
1373.50
1372.00
1373.00
1372.00
1372.00
1373.00
1373.00
1374.00
1373.00
1370.00
1373.00
1372.50
1370.00
1373.00
1370.00
1372.00
1371.50
1371.50
1373.00
1370.00
1370.00
1368.50
1368.00
1366.00
1368.00
1366.00
1364.00
1366.50
1363.50
1365.00
1363.50
1362.00
1364.00
1363.00
444.50
449.50
447.00
435.50
433.50
435.00
448.50
447.50
444.50
435.00
436.00
436.00
434.00
434.50
436.50
436.00
436.50
435.00
435.00
434.00
434.00
433.00
430.00
433.00
430.00
430.00
431.00
433.00
431.00
429.00
433.50
433.50
455.00
439.00
226.00
217.00
219.00
212.50
224.00
191.00
191.00
191.00
190.00
190.00
189.50
192.00
192.00
191.50
191.00
191.00
191.00
191.00
191.00
187.50
189.00
189.00
189.00
189.00
186.00
187.00
186.50
187.00
185.00
186.00
158.50
158.50
161.00
159.50
159.00
158.00
161.00
157.00
157.00
158.00
157.00
159.00
156.50
159.00
156.00
158.50
157.00
158.00
157.00
156.50
160.00
160.00
159.50
160.50
160.00
161.00
160.50
159.00
160.00
159.00
160.00
160.00
160.00
161.00
160.00
160.50
161.00
160.00
160.00
161.00
160.00
161.00
159.00
160.00
160.00
161.00
158.50
160.50
159.00
160.00
160.00
159.00
157.00
156.00
156.00
155.00
156.50
157.00
155.00
155.50
157.50
156.00
157.50
157.00
158.00
156.00
156.00
155.00
155.00
154.00
154.50
156.00
155.50
155.00
156.00
156.50
156.50
155.00
155.00
155.50
155.50
155.50
156.00
154.00
155.50
156.50
154.00
155.00
155.00
155.50
154.00
154.00
154.00
153.00
154.00
153.00
154.00
153.00
153.50
154.00
153.00
153.50
153.00
153.00
153.00
153.50
153.00
153.00
153.50
153.00
154.00
153.50
153.00
153.00
153.50
154.00
153.50
153.00
155.00
154.00
155.00
154.00
154.00
153.00
154.00
156.00
153.00
153.00
154.00
153.50
154.00
153.50
153.50
153.00
153.00
153.00
152.50
153.00
152.00
153.00
153.00
152.50
152.00
152.50
153.00
153.00
153.00
153.00
153.00
153.00
152.00
153.00
153.00
152.00
153.00
153.00
153.00
154.00
154.00
154.00
154.00
154.00
154.00
154.00
154.00
154.00
153.50
154.00
154.00
154.00
154.00
155.00
155.00
154.00
154.50
155.00
155.00
155.50
156.00
155.00
155.00
154.00
154.00
155.00
155.00
155.00
155.00
155.00
155.00
156.00
15.00
15.50
15.00
14.00
14.50
15.00
15.00
14.50
15.00
15.00
14.50
15.00
15.00
15.00
14.50
15.00
14.00
14.50
14.00
15.00
14.50
15.00
15.00
15.00
15.00
15.00
14.00
15.00
14.00
14.50
14.00
14.00
14.00
14.00
15.00
14.00
14.00
16.00
15.00
14.00
14.00
14.00
14.00
14.00
14.00
14.00
14.00
14.00
14.00
14.00
14.50
16.00
14.00
15.00
14.00
14.00
14.00
16.00
14.00
14.00
15.00
14.00
14.00
15.00
14.00
42.00
42.00
42.00
42.00
42.00
41.00
42.00
42.00
42.00
42.00
42.00
42.00
42.00
42.00
42.00
42.00
42.00
42.00
42.00
42.00
42.00
42.00
42.00
42.00
42.00
42.00
42.00
42.00
42.00
42.00
42.00
42.00
42.00
42.00
42.00
42.00
42.00
42.00
42.00
42.00
42.00
42.00
44.00
42.00
42.00
42.00
42.00
42.00
42.00
42.00
42.00
42.00
42.00
40.00
41.00
39.50
40.00
40.00
40.00
40.00
40.00
40.00
39.00
40.00
40.00
40.00
39.00
39.00
39.50
39.50
39.50
40.00
40.00
39.00
39.50
40.00
40.00
39.00
40.00
41.00
39.50
39.00
40.00
39.00
40.00
39.00
40.00
40.00
39.00
42.00
42.00
41.50
42.00
42.00
41.00
42.00
42.00
42.00
42.00
41.50
42.00
42.00
41.00
42.00
42.00
42.00
42.00
41.50
42.00
42.00
42.00
42.00
42.00
41.00
41.50
41.00
41.00
42.00
42.00
42.00
42.00
41.00
42.00
42.00
42.00
42.00
42.00
41.50
42.00
42.00
42.00
42.00
42.00
42.00
42.00
42.00
42.00
42.00
42.00
42.00
42.00
42.00
42.00
42.00
41.50
42.00
42.00
41.50
42.00
42.00
42.00
42.00
41.00
42.00
41.00
41.00
42.00
42.00
42.00
42.00
42.00
42.00
42.00
42.00
42.00
42.00
42.00
42.00
42.00
42.00
42.00
42.00
42.00
42.00
42.00
42.00
42.00
41.50
42.00
42.00
42.00
42.00
42.00
42.00
42.00
42.00
42.00
41.50
42.00
42.00
42.00
42.00
42.00
42.00
42.00
43.00
42.00
42.00
42.00
40.50
40.50
39.50
41.00
39.50
40.00
40.00
41.00
40.00
39.50
39.50
40.00
41.00
40.00
41.50
40.00
40.00
39.50
40.00
40.00
40.00
39.50
39.00
40.00
40.50
41.00
40.00
40.00
40.00
39.00
40.00
39.50
40.00
40.00
40.00
40.00
39.50
39.50
40.00
40.00
39.50
40.00
40.00
40.00
40.00
40.00
40.00
40.00
40.00
40.00
39.50
40.00
39.00
39.50
40.50
39.00
39.50
39.00
40.00
40.00
39.00
39.00
41.00
42.00
42.50
42.00
42.00
42.50
42.00
42.00
42.00
42.00
42.00
42.00
44.00
42.00
43.00
44.00
44.00
44.00
43.50
42.00
42.00
44.00
45.00
44.50
44.00
45.00
42.00
42.00
42.00
42.00
42.00
42.50
42.00
42.00
43.00
42.00
42.00
42.00
42.50
42.00
41.50
42.00
42.00
42.00
42.00
42.00
42.00
41.50
41.00
41.00
41.00
42.00
42.00
42.00
41.00
42.00
42.00
42.00
42.00
42.00
42.00
41.50
41.00
42.00
42.00
42.00
42.00
42.00
42.00
42.00
42.00
42.00
42.00
42.00
42.00
42.00
42.00
41.50
42.00
42.00
42.00
42.00
42.00
42.00
42.00
42.00
42.00
42.00
42.00
42.00
41.00
41.00
41.50
41.00
41.50
41.00
41.00
41.00
42.00
42.00
42.00
42.00
42.00
42.00
42.00
41.50
42.00
42.00
41.00
42.00
42.00
42.00
41.00
41.00
41.00
41.00
41.00
40.00
41.00
41.00
40.50
41.00
40.00
41.00
41.00
40.00
41.00
41.00
41.00
41.00
41.00
41.00
41.00
40.50
41.00
41.00
41.00
40.00
41.00
41.00
40.00
41.00
41.00
41.00
40.00
41.00
40.50
41.00
41.00
40.00
41.00
40.00
40.00
39.50
40.00
40.00
40.00
41.00
41.00
39.00
39.50
40.00
40.00
40.50
40.50
40.00
40.00
40.00
40.00
40.00
39.50
40.00
41.00
42.00
42.00
42.00
43.00
44.00
42.00
42.00
42.00
42.00
42.00
42.00
42.00
42.00
42.00
42.00
42.00
42.00
42.00
42.00
42.00
42.00
42.00
42.00
42.00
41.00
42.00
42.00
42.00
42.00
42.00
42.00
42.00
42.00
42.00
42.00
42.00
42.00
42.00
42.00
42.00
43.00
42.00
44.00
44.00
43.00
42.00
43.00
42.00
42.00
42.00
44.00
44.00
44.00
42.50
42.00
42.00
44.00
44.00
44.00
44.00
44.00
43.00
44.00
43.00
43.00
42.00
42.00
42.00
42.00
43.00
42.00
42.00
42.00
42.00
42.00
42.00
42.00
42.00
42.00
42.00
43.00
42.00
42.00
43.00
42.00
42.00
41.50
42.00
42.00
42.00
42.00
42.00
42.00
42.00
42.00
42.00
42.00
43.00
42.00
43.00
42.00
43.00
42.00
42.00
42.00
42.00
42.00
42.00
42.00
43.00
42.00
42.00
40.50
41.00
40.00
40.00
41.00
40.00
40.00
40.00
40.00
40.00
40.00
41.00
40.00
40.00
41.00
40.00
40.00
39.50
40.00
40.00
40.00
40.50
40.00
40.00
40.50
40.00
40.00
40.50
39.00
40.00
40.00
40.00
40.00
40.00
40.00
40.00
40.00
41.00
40.00
41.00
42.00
40.00
40.00
40.00
40.00
40.00
40.50
40.00
40.00
40.00
41.00
40.50
40.00
40.00
40.00
40.00
40.00
40.00
40.00
40.00
40.00
40.00
42.00
42.00
42.00
41.50
42.00
42.00
42.00
42.00
42.00
42.00
42.00
42.00
42.00
42.00
42.00
42.00
42.00
42.00
42.00
42.00
42.00
42.00
42.00
42.00
41.00
42.00
42.00
42.00
42.00
42.00
42.00
42.00
42.00
42.00
42.00
42.00
42.00
42.00
42.00
42.00
42.00
42.00
42.00
42.00
42.00
42.00
42.00
42.00
42.00
42.00
42.00
42.00
42.00
42.00
41.50
42.00
42.00
42.00
42.00
42.00
42.00
42.00
42.00
42.00
42.00
42.00
44.00
42.00
42.00
42.00
42.00
42.00
42.00
42.00
42.00
42.00
42.00
42.00
42.00
42.00
42.00
42.00
42.00
42.00
41.50
42.00
42.00
42.00
42.00
42.00
42.00
42.00
42.00
42.00
42.00
42.00
44.00
42.00
42.00
42.00
43.00
42.00
42.00
42.00
42.00
42.00
42.00
44.00
42.00
42.00
42.00
42.00
40.00
41.00
41.00
40.50
40.00
41.00
41.00
40.00
40.00
40.00
40.00
41.00
40.00
40.00
40.00
40.50
40.00
40.00
40.00
40.00
40.00
40.00
40.00
40.00
40.50
39.50
40.00
40.00
40.50
40.00
40.00
40.00
40.00
40.00
40.00
41.00
40.00
39.00
40.00
41.00
39.50
39.50
41.00
40.00
40.00
40.00
39.00
40.50
40.50
40.00
40.00
41.00
40.00
41.00
40.00
40.00
40.00
40.00
40.00
40.00
40.50
40.50
42.00
42.00
42.00
42.00
42.00
43.00
44.50
42.00
42.00
42.50
42.00
42.00
41.50
42.00
42.00
42.00
42.00
43.00
44.00
42.00
44.00
44.00
43.00
42.00
43.00
44.00
42.00
42.00
42.00
44.00
44.00
44.00
42.00
42.00
42.00
42.00
42.00
42.00
42.00
42.00
42.00
42.00
41.50
42.00
42.00
42.00
42.00
42.00
42.00
42.50
42.00
42.00
43.00
42.00
42.00
42.00
42.00
44.00
44.00
44.00
42.00
42.00
43.00
42.00
42.00
42.00
44.00
44.00
43.00
42.00
42.00
43.00
44.00
42.00
44.00
42.00
42.00
14.00
14.00
14.00
14.00
15.00
15.00
14.00
14.00
16.00
14.00
14.00
16.00
14.00
16.00
14.00
13.50
14.00
14.00
14.00
14.00
14.00
14.00
15.00
14.00
15.00
14.00
16.00
14.00
15.00
14.00
14.00
14.00
14.00
14.00
15.00
14.00
15.00
15.00
14.00
15.00
15.00
15.00
14.00
134.00
138.50
141.00
143.00
143.50
147.00
153.00
153.00
156.00
158.00
161.50
162.50
165.00
166.00
165.50
166.00
166.00
165.00
164.50
163.00
161.00
160.00
159.00
159.00
159.50
159.00
159.00
159.00
160.00
161.00
161.50
162.50
162.50
163.00
163.50
164.00
163.50
162.00
161.00
161.00
162.00
162.00
162.00
162.00
161.00
162.00
162.00
161.00
161.50
161.00
161.00
161.50
162.00
162.00
162.00
161.00
161.50
161.50
161.00
160.00
162.00
161.00
162.00
161.00
161.00
162.00
161.00
161.00
160.00
160.00
161.50
161.50
162.00
162.00
163.00
163.00
161.00
16.00
14.00
14.00
14.00
14.00
14.00
16.00
16.00
14.00
14.00
14.00
14.00
14.00
14.00
14.00
14.00
16.00
14.00
14.50
14.00
14.00
14.00
14.00
15.00
14.00
14.00
14.00
15.00
14.00
14.00
14.00
16.00
14.00
14.00
14.00
16.00
14.00
14.00
14.00
16.00
14.00
16.00
14.00
14.00
14.00
14.00
14.00
14.50
14.00
14.00
14.00
14.00
16.00
14.00
14.00
14.00
15.00
15.00
14.00
14.00
14.00
16.00
14.00
15.00
14.00
14.00
14.00
14.00
15.00
15.00
14.00
14.00
15.00
15.00
14.00
14.00
14.50
14.00
14.00
14.00
16.50
14.00
14.00
14.00
14.50
15.00
15.00
15.00
15.00
15.00
15.00
15.00
15.00
15.00
15.00
14.50
14.50
15.00
15.00
15.00
15.00
16.00
15.50
14.00
14.00
16.00
15.00
15.00
15.00
14.50
16.00
15.00
15.00
15.50
14.00
15.00
15.00
15.00
14.00
14.50
14.50
14.00
14.50
15.00
14.00
14.00
13.50
14.00
14.00
15.00
14.00
15.00
15.00
14.50
15.00
15.00
14.50
15.00
14.00
14.50
14.00
14.00
14.50
14.00
14.00
15.00
14.50
14.00
14.50
13.50
13.00
14.00
15.00
14.00
15.00
16.00
13.50
14.00
14.00
15.00
14.00
14.00
14.00
14.00
13.00
14.00
14.00
14.00
13.00
14.00
13.50
13.00
13.00
14.00
15.00
13.00
13.50
14.50
14.50
13.00
16.00
13.50
14.00
14.00
14.00
14.00
13.50
13.00
16.00
13.00
14.00
14.00
14.00
13.50
13.00
16.00
14.00
14.00
14.00
14.00
14.00
14.00
14.00
16.00
14.00
14.00
16.00
15.50
14.00
14.00
15.00
14.00
13.00
14.00
15.00
14.00
13.50
13.00
13.00
14.00
14.00
14.00
13.00
14.00
14.00
14.00
14.50
14.00
14.00
14.00
14.00
13.00
14.00
13.00
14.00
16.00
15.00
14.00
14.00
16.00
14.00
14.00
15.00
14.00
14.00
14.00
14.00
14.00
16.00
16.00
16.00
14.00
13.50
16.00
14.00
15.00
14.00
15.00
14.00
15.00
15.00
15.00
15.00
15.00
15.00
15.00
15.00
15.00
15.00
14.00
15.00
15.00
14.50
15.00
14.00
14.00
15.00
15.00
15.00
15.50
14.00
15.00
14.50
14.50
14.00
15.00
15.00
14.00
14.00
14.50
14.50
14.00
14.50
14.00
15.00
14.00
14.50
15.00
14.50
14.00
14.00
15.00
15.00
15.00
15.00
15.00
13.50
15.00
15.00
15.00
15.00
14.50
15.00
15.00
14.00
14.50
14.50
15.00
14.50
15.00
15.00
15.00
14.50
13.50
15.00
14.50
14.00
14.00
14.00
14.00
14.00
14.00
14.00
14.00
16.00
16.00
14.00
14.00
13.50
16.00
16.00
14.00
14.00
15.00
14.00
16.00
14.00
15.00
14.00
14.00
14.00
14.00
15.00
16.00
14.00
15.00
14.00
14.00
14.00
14.00
14.00
14.00
16.00
15.00
15.00
14.00
14.00
16.00
14.00
14.00
14.00
15.00
14.00
14.00
14.00
15.00
15.00
14.00
14.00
14.00
14.00
15.00
16.00
16.00
15.00
16.00
14.00
14.00
16.50
13.50
15.00
15.00
15.00
14.00
14.50
16.00
14.00
15.00
14.00
15.00
14.00
14.00
16.00
14.00
14.00
14.00
14.00
15.50
14.00
14.00
14.00
15.00
14.00
16.00
14.00
14.00
14.00
15.00
14.00
14.00
14.00
14.00
15.00
14.00
16.00
14.00
14.00
14.50
14.00
14.00
16.00
14.00
14.00
15.00
14.00
15.00
15.00
15.00
14.00
15.00
14.50
15.00
15.00
15.00
15.00
15.00
15.00
15.50
15.00
14.00
15.50
15.00
14.00
14.50
15.00
15.00
15.00
15.50
15.00
15.00
14.00
14.00
14.00
14.50
14.50
14.00
14.00
14.50
15.00
14.00
16.00
15.00
14.00
14.50
15.00
14.00
15.00
15.00
14.00
15.00
14.00
15.00
15.00
15.00
14.50
15.00
15.00
15.00
15.00
14.50
15.00
15.00
15.00
15.00
14.50
16.00
14.00
14.50
14.00
16.00
14.00
14.50
15.00
14.00
15.50
14.00
14.00
14.00
14.00
16.00
14.50
16.50
14.00
14.00
14.00
15.00
14.00
14.00
14.00
14.00
14.00
15.00
14.00
14.00
15.00
16.00
13.00
15.00
16.00
15.00
16.00
14.00
14.00
14.00
15.00
15.00
16.00
14.00
14.00
14.00
16.50
14.00
14.00
14.00
16.00
14.00
16.00
14.00
16.00
15.00
16.00
14.00
16.00
15.00
14.00
14.00
16.00
14.00
14.00
14.00
14.00
16.00
14.00
15.00
13.50
16.00
14.00
15.00
16.00
14.00
14.00
15.50
16.00
16.00
14.00
14.00
15.00
14.00
14.00
14.00
15.00
14.00
14.00
14.00
15.00
13.50
16.00
14.00
14.00
14.00
14.00
14.00
14.00
14.00
15.00
13.50
14.00
14.00
15.50
16.00
14.00
14.00
15.00
15.00
16.00
15.00
14.00
14.00
14.00
14.00
14.00
14.00
15.00
15.00
15.00
15.00
15.00
14.50
15.00
14.50
15.50
14.00
15.00
15.50
15.00
15.00
15.00
14.50
14.50
15.00
15.00
15.00
14.00
14.50
15.00
14.00
15.00
15.00
15.00
15.00
15.00
14.00
14.00
14.50
15.00
15.00
14.50
15.00
15.00
14.50
15.00
14.50
15.00
15.00
15.50
15.00
15.00
15.50
14.00
14.00
15.00
14.00
15.00
14.50
15.00
14.00
15.00
15.00
14.00
15.00
15.00
14.00
16.00
14.00
15.00
14.00
14.00
14.00
14.00
14.00
14.00
16.00
13.00
15.50
14.00
14.00
14.00
14.00
14.00
14.00
15.00
16.00
16.00
14.00
14.00
14.00
14.00
14.00
14.00
16.00
15.00
14.00
14.00
15.50
14.00
14.00
14.00
14.00
14.00
16.00
14.00
14.00
16.00
13.50
14.00
14.00
15.50
14.00
14.00
14.00
14.00
16.00
14.00
15.00
16.00
14.00
15.00
15.00
14.00
14.00
16.00
14.00
15.00
14.00
16.00
14.00
14.00
15.50
14.00
13.00
16.00
14.00
16.00
15.00
14.00
14.00
13.50
16.00
14.00
16.00
14.50
14.00
14.00
15.00
16.00
16.00
14.00
15.00
16.00
16.00
14.50
16.00
14.00
15.00
14.00
13.00
16.00
15.00
16.00
14.00
15.00
14.00
14.00
16.00
13.00
14.00
14.00
16.00
14.00
16.00
14.00
13.00
16.00
13.50
13.00
16.00
13.50
16.00
15.00
15.00
15.50
15.00
14.00
14.50
15.00
15.00
14.50
14.50
14.00
14.00
15.00
14.00
15.00
15.00
14.00
15.00
13.50
15.00
15.00
14.00
15.00
14.00
15.00
15.50
15.00
15.00
15.00
15.00
14.00
15.00
15.00
14.00
14.00
14.00
15.00
15.00
14.50
14.00
14.50
14.50
15.00
14.00
15.00
14.50
15.00
14.50
15.00
15.00
14.00
15.00
14.00
15.00
14.50
14.00
14.50
14.50
14.00
14.00
14.00
16.00
13.00
14.00
13.00
14.00
16.00
14.00
16.00
14.00
14.00
16.00
16.00
16.00
14.50
16.00
16.00
14.00
16.00
14.00
14.00
17.00
16.00
14.00
15.50
14.00
15.00
14.00
14.00
14.00
14.00
16.50
14.00
14.00
14.00
17.00
14.50
14.00
14.00
14.00
14.00
14.00
15.00
14.00
14.00
14.00
14.00
13.00
16.00
16.00
16.00
15.50
14.00
16.00
16.00
14.00
14.00
16.00
14.50
14.00
15.00
14.00
14.00
14.00
15.00
17.00
14.00
16.00
14.00
13.50
14.00
14.00
14.00
14.00
14.00
16.00
16.00
16.00
16.00
14.00
14.00
14.00
14.00
14.00
14.00
14.00
14.00
14.00
15.00
14.00
14.00
14.00
14.00
14.00
13.00
14.00
16.00
14.00
15.00
14.00
14.00
15.00
14.00
14.00
14.00
14.00
14.00
15.00
15.50
14.00
14.00
14.00
14.00
16.00
14.00
13.00
14.00
16.00
14.50
15.00
15.00
15.00
15.00
15.00
14.50
15.00
15.00
15.00
15.00
14.00
15.00
14.00
15.00
14.00
14.00
14.50
14.50
15.00
14.50
14.50
14.00
15.00
15.00
15.00
16.00
14.00
15.00
14.50
14.50
15.00
14.00
15.00
14.00
14.00
14.50
14.00
15.00
15.00
14.00
14.00
15.00
15.00
14.00
15.00
14.50
15.00
15.00
14.50
14.00
15.00
14.00
15.00
15.00
15.00
15.00
14.00
16.00
16.00
16.00
14.00
14.00
15.00
14.00
15.00
15.00
13.00
16.00
14.00
15.50
14.00
16.00
14.00
13.50
14.00
15.00
14.00
16.00
13.50
13.00
14.00
14.00
14.00
14.00
16.00
15.00
15.00
14.00
15.00
14.00
14.00
16.00
14.00
14.00
16.00
15.00
15.00
16.00
16.00
14.00
16.00
15.00
16.00
15.00
15.00
15.00
16.00
14.00
14.50
15.50
16.00
17.00
14.00
14.00
14.00
15.50
16.00
16.00
16.00
15.00
16.00
16.00
15.50
14.00
16.00
15.00
14.00
13.00
15.00
14.50
14.00
14.00
15.50
14.00
14.00
15.50
14.00
16.00
16.00
14.00
14.00
16.00
15.00
16.00
14.00
13.50
14.00
14.00
13.50
15.00
14.00
15.00
14.00
14.00
16.50
16.00
16.00
14.00
15.50
14.00
14.00
16.00
15.00
14.00
16.00
14.00
14.00
14.00
15.50
16.00
14.00
15.00
16.00
14.00
13.50
14.00
15.00
16.00
14.50
15.00
15.00
15.00
14.00
15.00
15.00
15.00
14.50
15.00
14.00
15.00
14.50
15.00
15.00
14.00
14.00
15.00
15.00
14.00
15.00
15.00
15.00
14.00
15.00
14.00
15.00
14.00
15.00
14.50
15.00
14.00
14.50
14.50
15.00
14.00
14.50
14.00
15.00
14.00
14.50
14.00
14.50
14.00
15.00
14.00
13.50
15.50
15.00
14.00
14.00
14.00
14.00
15.00
14.00
15.00
15.00
14.00
14.00
14.00
13.00
16.00
14.00
14.00
16.00
15.00
13.00
14.00
13.50
13.00
14.00
14.00
14.00
16.00
13.00
16.00
16.00
14.00
15.00
17.00
14.00
13.00
14.00
13.50
14.00
16.00
14.00
16.00
15.00
14.00
16.00
14.00
14.00
13.50
16.00
15.00
14.00
14.00
15.00
14.00
14.00
14.00
13.00
16.00
16.00
14.00
15.00
16.00
15.00
15.00
16.00
17.50
16.00
16.00
15.00
15.00
16.00
15.00
14.00
16.00
15.50
14.00
16.00
15.00
14.50
14.00
15.00
16.00
13.00
14.00
16.00
15.50
16.00
14.00
15.50
14.00
14.00
14.00
16.00
14.00
14.50
14.00
16.00
14.50
15.00
14.00
14.00
15.00
15.00
14.00
14.00
14.00
14.00
14.00
14.00
15.00
16.00
14.00
16.00
16.00
14.00
16.00
15.50
15.00
13.00
16.00
13.50
16.00
14.00
15.00
14.00
14.00
14.00
14.00
16.00
16.00
16.00
16.00
14.00
14.00
14.50
14.50
14.00
14.00
14.00
14.00
14.50
14.00
14.00
14.00
14.00
14.00
15.00
14.00
14.00
14.00
14.00
14.00
14.00
14.00
14.00
15.00
14.00
14.00
15.00
14.00
14.50
14.00
14.00
14.00
14.00
14.00
14.00
14.00
14.50
15.00
14.00
14.00
14.00
14.50
14.00
14.00
15.00
13.00
14.00
14.00
14.00
14.00
14.00
14.00
15.00
14.00
14.00
16.00
15.00
16.00
16.50
14.00
16.00
15.50
15.50
13.00
15.00
16.00
14.00
14.00
15.00
16.00
16.00
16.00
16.00
14.00
14.50
13.00
13.00
16.00
14.00
16.00
14.50
16.00
15.00
14.00
16.50
14.00
16.00
14.00
16.00
15.00
16.00
16.00
14.00
15.00
14.00
14.00
16.00
15.00
14.00
16.00
16.00
14.00
15.00
14.00
15.00
13.00
16.00
16.00
15.00
14.00
14.00
15.50
16.00
16.00
15.00
16.00
16.00
15.00
14.00
16.00
16.00
15.00
16.00
16.00
14.00
14.00
14.00
14.00
16.00
16.00
15.00
13.00
16.00
16.00
14.00
14.00
14.00
14.00
14.00
16.00
17.00
14.00
15.00
14.00
14.00
16.00
15.50
15.00
14.00
16.00
15.00
16.00
13.00
15.00
13.50
14.00
15.00
14.00
15.00
15.00
16.00
15.00
14.50
15.00
13.00
14.00
15.00
14.00
16.00
14.00
14.00
13.00
13.50
14.50
15.00
16.00
15.50
14.00
15.00
14.50
15.00
14.00
14.00
15.00
14.00
14.00
14.00
15.00
14.00
14.50
14.00
14.00
14.00
14.00
14.00
14.50
14.00
14.00
15.00
14.50
15.00
14.00
14.00
15.00
14.00
14.00
14.00
14.50
14.00
14.00
14.00
14.00
14.00
14.00
14.00
15.00
14.50
14.00
14.00
14.00
14.50
14.00
14.00
14.00
14.00
14.00
14.00
14.00
14.00
14.00
14.00
14.00
14.50
14.50
14.00
13.00
14.00
14.00
14.00
15.50
14.00
14.00
13.00
15.00
14.00
16.00
16.00
13.00
14.00
13.00
15.00
16.00
14.00
13.50
15.00
16.00
15.00
14.00
14.00
16.00
14.00
15.00
13.50
14.00
15.50
14.00
14.00
14.00
16.00
13.50
14.00
13.00
14.00
14.00
13.00
13.50
14.00
13.00
14.00
14.00
13.00
13.00
14.00
14.00
16.00
13.00
13.50
13.00
13.00
15.00
14.00
14.00
13.00
14.00
13.00
14.00
14.00
14.00
13.00
13.00
13.50
13.00
14.00
13.50
13.00
14.00
14.00
13.00
13.00
14.00
13.50
14.00
13.50
14.00
14.00
14.00
14.00
13.00
14.00
13.50
13.00
13.00
14.00
14.00
14.00
16.00
13.00
14.00
14.00
15.00
13.00
14.00
14.50
14.00
13.00
15.00
14.00
13.00
15.00
14.00
14.00
13.50
13.50
16.00
14.00
14.00
14.00
16.00
15.00
14.00
13.50
15.00
14.00
14.00
14.00
14.00
14.00
15.00
15.00
15.00
15.00
15.00
15.50
15.00
15.00
14.50
15.00
15.00
15.00
15.00
15.00
15.00
15.00
15.00
15.00
14.50
15.00
15.00
14.50
15.00
15.00
15.00
15.00
15.00
15.00
15.50
15.50
15.00
15.00
15.00
15.00
15.00
15.00
15.00
15.00
14.50
15.00
15.00
15.00
15.00
15.00
15.00
15.00
15.00
14.50
15.00
15.00
14.50
14.50
15.00
14.50
14.00
15.00
15.00
15.00
13.00
14.00
16.00
14.00
14.00
15.00
14.50
14.00
14.00
13.50
14.00
14.00
14.00
16.50
14.00
13.00
14.00
13.50
13.00
13.50
14.00
14.00
15.00
15.00
13.00
14.00
16.00
14.00
14.00
13.00
13.50
17.00
13.00
14.00
14.00
13.50
13.50
14.00
15.00
17.00
15.00
15.00
15.00
16.50
14.00
15.00
15.00
15.00
14.50
15.00
14.50
14.00
14.50
14.00
15.00
16.00
14.00
14.00
15.00
14.00
14.00
13.00
14.50
14.00
14.00
17.50
16.50
16.00
14.00
15.00
16.00
16.00
15.00
16.00
15.00
15.00
16.00
15.00
15.00
14.50
16.00
15.00
15.00
14.00
16.00
16.50
14.00
14.00
16.00
15.00
15.00
14.00
15.50
15.50
14.00
16.00
14.00
17.00
16.50
16.00
15.00
15.00
16.00
16.00
14.00
16.00
16.00
14.00
14.50
16.00
16.00
15.00
16.00
14.00
16.00
15.50
14.00
14.00
15.00
14.00
14.00
15.50
15.00
15.00
15.00
15.00
14.00
14.50
15.00
14.00
14.00
15.00
15.00
14.50
15.00
15.00
15.00
16.00
15.00
14.00
15.00
14.50
15.00
14.50
14.00
15.50
15.00
14.00
14.00
14.00
14.00
14.00
15.00
14.00
14.50
15.00
15.00
14.00
14.50
15.00
15.00
14.00
14.00
15.00
14.50
15.00
14.00
15.00
14.50
14.00
14.00
14.50
15.00
14.00
14.00
14.00
14.50
14.00
15.00
16.00
16.00
14.00
14.00
15.50
16.00
16.00
14.00
16.00
16.00
16.00
14.00
15.00
16.50
16.00
14.00
16.50
15.00
14.00
14.00
16.00
14.00
16.00
15.00
14.00
14.00
16.00
14.00
16.00
15.00
16.00
14.00
14.00
16.00
16.00
16.00
14.00
13.00
16.00
15.00
15.00
16.00
15.00
16.00
14.00
14.00
15.50
17.00
14.00
14.00
15.00
16.50
14.00
13.00
16.00
16.00
17.00
15.00
16.00
14.50
14.00
16.00
14.50
15.00
14.00
16.00
14.50
14.00
16.00
14.50
14.50
13.00
15.00
14.00
14.00
16.00
15.00
14.00
16.00
16.00
17.00
14.50
14.00
14.00
14.00
16.00
15.00
16.00
14.00
15.00
16.00
16.00
15.00
13.50
14.50
14.00
16.00
17.00
14.00
14.00
14.00
14.00
1088.00
1080.00
1079.00
1080.00
1078.50
1079.00
1081.00
1081.00
1083.00
1080.00
1081.50
1082.00
1083.50
1081.50
1080.00
1080.00
1082.00
1081.00
1082.00
1077.00
15.50
14.00
15.00
1087.00
16.00
15.00
16.00
14.00
15.00
15.00
15.00
14.50
15.00
14.00
548.50
15.00
15.00
15.00
14.00
15.00
14.50
14.50
1082.00
15.00
15.00
15.00
15.00
14.50
14.00
14.00
14.50
14.00
15.00
15.00
15.00
15.00
15.00
14.50
16.00
1084.00
14.50
15.00
15.50
14.00
15.00
15.50
15.00
553.50
15.00
15.00
15.00
15.00
14.00
15.00
15.00
14.00
15.00
547.50
16.00
16.00
16.00
16.00
16.50
16.00
14.00
1087.00
13.50
16.00
16.50
15.00
14.00
16.00
15.50
14.00
1084.00
14.00
16.00
14.00
16.00
14.00
14.50
1087.00
15.00
17.00
14.00
15.00
15.00
14.00
14.00
15.00
1087.00
14.00
15.00
16.00
16.00
16.00
16.00
14.00
16.00
547.50
16.00
14.00
15.00
14.00
16.00
14.00
14.00
15.00
14.00
16.00
1085.00
14.00
16.00
16.00
16.00
14.00
14.00
14.00
15.00
15.00
16.00
25.00
14.00
15.00
14.00
14.00
13.50
16.00
14.00
13.50
16.00
16.00
16.00
14.00
16.00
13.50
15.50
15.00
14.00
14.00
14.00
14.00
550.00
14.00
15.00
13.00
14.00
16.00
14.00
14.00
14.00
14.00
15.00
14.00
1086.00
15.00
14.00
14.00
14.50
14.00
14.00
14.00
14.00
16.00
16.00
14.50
15.00
16.00
14.00
15.00
15.00
15.00
15.00
1082.00
15.00
15.00
15.00
15.00
15.00
14.50
15.00
14.00
14.50
15.00
15.00
14.00
14.00
15.00
15.00
15.00
15.00
15.00
18.00
18.00
18.00
18.00
18.00
18.00
1085.00
18.00
18.00
18.00
18.00
18.00
18.00
18.00
17.50
18.00
18.00
553.50
17.00
18.00
18.00
18.00
18.00
17.50
18.00
17.00
18.00
18.00
18.00
1090.00
17.50
17.00
18.00
18.00
18.00
18.00
18.00
18.00
18.00
18.00
18.00
1094.00
18.00
18.00
18.00
18.00
18.00
18.00
18.00
17.00
18.00
18.00
18.00
1092.00
15.50
14.00
16.00
14.00
14.00
14.00
14.00
14.50
16.00
14.00
563.50
14.00
15.00
15.00
15.00
16.00
14.50
16.00
14.00
15.00
16.00
1094.00
14.00
14.00
14.00
14.00
16.00
14.00
14.00
14.00
14.00
14.00
14.00
16.00
14.00
15.00
14.00
16.00
15.50
14.50
16.00
1102.00
14.00
14.00
16.00
14.00
14.50
14.00
14.00
14.00
14.00
14.00
15.00
1103.00
14.00
16.00
16.00
16.00
14.00
14.00
16.00
14.00
16.00
16.00
16.00
16.00
14.00
14.00
14.00
14.50
14.00
16.00
14.00
14.00
15.00
16.00
14.50
14.00
14.00
15.00
14.00
14.00
15.00
14.00
14.00
15.00
15.00
15.00
15.00
15.00
15.00
15.00
15.00
15.00
15.00
15.00
15.00
15.00
15.00
15.00
15.00
15.00
15.00
15.00
15.50
15.00
15.00
15.00
15.00
15.00
15.50
15.00
16.00
15.00
15.00
15.50
15.00
15.00
15.00
15.00
15.00
15.00
15.00
16.00
15.00
15.50
15.00
15.00
15.50
15.00
15.00
15.00
15.00
15.00
15.00
15.50
15.00
15.00
15.00
15.00
15.00
15.00
15.00
15.00
15.00
15.00
15.00
16.00
15.00
15.50
15.00
15.00
15.50
15.00
15.00
15.00
15.00
15.00
15.50
15.50
15.00
15.00
14.00
15.00
15.00
14.00
15.00
15.00
15.00
15.00
15.00
15.00
15.00
16.00
15.00
15.00
15.00
15.00
15.00
15.00
15.00
15.00
15.00
16.00
15.00
15.00
15.00
15.00
15.00
15.00
15.00
15.00
15.00
15.00
15.00
15.50
16.00
15.00
15.00
15.00
15.00
15.00
15.00
14.50
15.00
15.00
15.00
15.00
14.50
15.00
15.00
15.50
15.00
15.00
15.00
15.00
15.00
15.00
15.00
15.00
15.00
15.50
14.50
15.00
15.00
15.00
15.00
15.00
15.00
14.50
15.00
15.00
15.00
19.00
19.00
19.00
19.00
19.00
18.50
18.50
19.00
19.00
19.00
19.00
19.00
19.00
19.00
18.00
19.00
19.00
19.00
19.00
18.00
19.00
19.00
18.00
19.00
18.00
19.00
19.00
18.50
18.50
18.00
19.00
19.00
19.00
18.00
19.00
18.50
19.00
19.00
19.00
17.00
18.00
19.00
19.00
18.00
19.00
19.00
19.00
19.00
18.00
18.00
18.00
18.00
18.00
19.00
18.00
20.00
20.00
16.00
18.50
17.00
19.00
17.50
17.50
19.00
17.00
18.50
19.00
18.50
19.00
18.00
19.50
20.00
19.00
19.00
16.50
17.00
18.00
19.00
17.00
17.00
17.00
17.00
19.00
18.00
18.50
17.00
20.00
21.00
17.00
17.50
17.00
16.50
17.50
17.00
17.00
17.00
17.00
18.00
18.00
20.00
19.00
18.00
19.00
19.00
18.00
18.00
17.00
19.00
18.00
17.00
17.00
18.00
19.00
17.00
17.00
19.00
18.00
18.00
19.50
19.00
17.00
20.00
18.00
19.50
18.50
19.00
18.00
19.00
17.50
19.00
20.00
19.00
17.00
18.00
19.50
18.00
17.50
18.50
17.00
19.00
17.00
19.00
16.00
17.00
19.00
19.00
17.00
18.00
17.00
17.00
18.00
17.00
19.00
17.00
18.00
17.00
19.00
17.50
18.00
19.00
18.50
19.00
18.00
18.00
19.00
17.00
18.00
18.50
18.00
19.00
18.50
18.00
18.00
18.50
18.00
18.50
18.00
19.00
18.50
18.00
18.50
19.00
19.00
18.00
19.00
18.00
18.00
17.00
17.00
17.00
17.00
17.00
17.00
17.00
17.00
17.00
17.00
17.00
17.00
18.00
17.00
17.00
17.00
17.00
17.00
17.00
18.00
17.00
17.00
18.00
17.00
17.00
17.00
17.50
17.00
17.00
17.00
17.50
17.00
18.00
17.00
17.00
17.00
18.00
17.00
17.00
17.00
17.00
17.00
17.00
17.00
17.00
17.00
17.00
16.00
17.00
17.50
17.00
18.00
17.50
17.00
20.00
19.00
18.00
18.00
20.00
19.00
17.50
17.00
17.50
17.00
17.00
17.00
17.00
17.00
17.00
17.00
17.00
18.00
19.00
17.50
17.00
18.50
18.00
17.00
17.00
18.00
61.00
60.00
60.00
61.00
60.00
60.50
60.00
60.00
60.00
60.00
60.00
61.00
60.00
60.00
60.00
60.00
59.00
59.00
59.00
59.00
59.00
59.00
59.00
59.00
59.00
59.00
70.00
81.00
81.00
1977.00
60.00
60.00
60.00
60.00
60.00
62.00
60.00
60.00
60.00
60.00
61.00
60.00
60.00
60.00
60.00
60.00
60.00
60.00
61.00
60.00
60.00
62.00
60.00
60.00
60.00
60.00
60.00
60.00
60.50
60.00
60.00
60.00
60.00
59.00
60.00
60.00
60.00
62.00
60.00
60.00
61.00
61.00
60.00
61.00
61.00
60.50
60.00
61.00
60.50
60.00
61.00
60.50
61.00
61.00
60.00
62.00
61.00
60.50
61.50
61.00
60.00
61.00
61.00
61.00
61.00
60.50
61.00
61.00
61.00
61.00
61.00
61.50
58.00
58.50
16.00
17.00
15.00
16.50
16.50
16.00
16.00
16.00
16.50
16.00
17.50
16.00
16.00
17.50
16.00
17.00
16.00
16.50
16.00
16.00
17.00
16.50
16.00
17.00
17.00
16.00
16.00
16.00
16.50
16.00
15.50
16.50
16.50
16.00
16.00
17.00
16.00
16.00
16.00
17.00
16.00
16.00
16.00
18.00
16.00
16.00
15.00
16.00
16.00
16.00
16.00
16.00
16.00
15.50
16.00
15.50
16.00
16.00
16.00
16.00
16.00
16.00
16.00
16.00
15.00
16.00
16.00
16.00
16.00
18.00
16.00
16.00
16.00
15.50
16.00
16.00
16.00
16.00
16.00
18.00
16.00
16.00
16.00
15.50
16.00
16.00
16.00
16.00
16.00
16.00
16.00
16.00
18.00
15.50
16.00
16.00
17.00
16.00
16.00
15.50
16.00
16.00
17.00
16.00
16.00
16.00
16.00
16.00
18.00
16.00
16.00
16.00
17.00
17.50
16.00
16.00
16.00
16.00
16.00
16.50
16.00
16.00
17.00
18.00
16.00
16.00
16.00
16.00
16.00
16.00
16.00
16.00
16.00
16.00
16.00
17.00
16.00
18.00
16.00
16.00
17.00
16.00
16.00
16.00
16.00
18.00
16.50
17.00
16.00
16.00
16.00
16.00
16.50
16.00
16.00
16.00
16.50
16.00
16.00
16.50
16.00
16.00
16.00
16.00
16.00
16.00
16.00
15.00
15.00
16.50
15.00
15.00
15.00
15.00
15.00
15.00
15.00
15.00
15.00
15.00
15.00
15.00
15.50
15.00
15.00
15.50
16.00
15.00
15.00
15.00
15.00
16.00
15.00
15.00
15.00
15.00
15.00
15.00
15.50
15.00
15.00
15.00
16.00
15.00
15.50
16.00
15.00
15.00
15.00
15.00
15.00
15.00
15.00
14.50
15.50
14.00
15.00
14.00
15.00
14.00
14.00
14.50
15.00
14.00
15.00
14.00
16.00
16.00
14.00
14.00
15.50
17.00
14.00
15.50
14.00
14.00
15.00
14.00
15.00
15.00
16.00
14.00
14.00
16.00
14.00
15.00
15.50
16.00
15.00
14.00
14.00
14.00
16.00
16.00
16.00
14.00
16.00
16.00
14.00
15.50
14.00
16.00
16.00
14.50
16.00
15.00
14.50
16.00
15.00
16.00
16.00
15.00
15.00
14.00
15.00
14.00
16.00
16.00
16.00
15.50
14.00
14.00
15.00
15.00
16.00
16.00
14.00
15.00
16.00
16.00
16.00
14.00
15.00
16.00
16.00
14.00
14.00
14.00
15.00
15.00
16.00
16.00
14.00
15.50
16.00
15.00
14.00
15.00
14.50
14.00
16.00
14.00
14.50
16.00
14.00
15.50
15.00
14.00
15.00
14.00
14.00
14.00
15.00
15.00
15.00
15.00
15.00
15.00
15.00
15.00
15.00
15.00
15.00
15.00
15.00
15.00
15.00
15.00
15.00
15.00
15.00
15.50
15.00
15.00
15.00
16.00
15.00
15.00
15.00
15.00
15.00
15.00
15.00
15.00
15.00
15.00
15.00
15.00
15.00
15.00
15.00
15.00
15.00
15.00
15.00
15.50
15.00
15.00
15.00
15.00
15.00
15.00
15.00
15.00
15.00
15.00
15.00
15.50
15.00
15.00
16.00
15.00
16.00
15.00
15.50
16.00
15.00
15.00
15.00
16.00
16.00
14.00
16.00
14.00
14.50
16.00
16.00
15.00
14.00
15.50
15.00
14.00
16.00
16.50
16.00
14.00
14.50
14.00
16.00
15.50
14.00
15.00
16.00
14.00
16.00
14.00
15.50
15.00
14.00
16.00
15.50
15.00
14.00
17.00
15.00
15.00
15.50
14.00
16.00
15.50
16.00
14.00
16.00
15.50
14.00
14.00
14.50
15.00
15.00
16.00
16.00
14.00
16.00
16.50
14.00
14.00
14.00
17.00
16.00
15.00
17.00
17.00
16.00
15.00
16.00
16.00
14.50
14.00
14.00
15.00
14.00
16.00
16.50
14.50
16.00
15.00
15.50
14.00
14.00
16.50
14.00
14.00
15.00
14.50
15.50
14.00
16.00
17.00
15.00
15.00
15.00
15.00
16.50
14.00
15.00
14.50
15.50
15.00
14.00
15.00
15.50
14.00
15.50
15.00
16.00
16.50
15.00
15.00
15.00
15.00
15.00
15.00
15.00
15.00
15.00
15.50
15.00
41.00
41.50
41.00
41.00
43.00
43.00
43.00
43.00
43.00
43.00
43.00
43.00
43.50
43.00
43.00
44.00
41.00
41.00
41.00
41.00
41.00
42.00
41.00
41.00
41.50
41.00
41.00
41.00
41.50
41.00
42.00
41.00
41.50
41.00
41.00
41.50
41.50
41.00
41.00
41.00
41.00
41.50
41.00
41.00
41.00
41.50
41.00
41.00
41.00
41.00
42.00
41.00
41.00
41.00
42.00
43.00
43.00
42.00
42.00
42.00
42.00
44.00
42.00
42.00
43.00
42.00
42.00
42.00
43.00
44.00
44.00
44.00
44.50
44.00
44.00
44.00
44.00
44.00
43.00
44.00
44.00
44.00
44.00
44.00
44.00
44.00
44.00
44.00
44.00
45.00
44.50
44.00
44.00
44.00
44.00
44.00
44.00
44.50
44.00
44.00
44.50
44.00
44.00
44.00
44.00
44.50
44.00
44.00
44.00
44.00
44.00
44.00
44.00
44.00
44.50
44.00
44.00
44.00
44.00
44.00
44.00
44.50
44.00
44.00
44.00
44.00
44.00
44.00
44.00
44.00
44.00
44.50
44.00
44.00
44.50
44.00
44.00
44.00
44.00
44.00
44.50
44.50
44.00
44.00
44.50
44.00
44.00
44.00
44.00
44.00
44.00
44.50
44.00
44.00
44.50
44.00
44.00
44.50
44.00
44.00
44.00
45.00
44.00
44.00
43.00
41.00
41.00
42.00
43.00
43.00
43.00
43.50
44.00
43.00
43.50
43.00
41.00
44.00
44.00
43.00
43.00
43.00
44.00
43.00
43.00
43.00
43.00
43.00
43.00
43.00
43.00
43.00
43.00
43.00
43.00
43.00
44.00
43.00
43.50
44.00
43.00
43.00
43.00
43.00
44.00
43.00
43.00
43.50
44.00
43.00
43.00
43.00
43.00
43.50
43.00
43.00
43.00
43.00
43.00
44.00
43.00
43.00
44.00
43.00
43.00
43.00
43.00
43.00
44.50
44.00
44.50
44.00
45.00
44.00
44.00
44.00
44.00
44.50
44.50
44.00
44.50
44.00
44.00
44.00
44.00
44.00
44.00
44.00
44.00
44.00
44.00
44.00
44.00
44.00
44.00
45.00
44.50
44.00
44.00
45.00
44.00
44.00
45.00
44.00
44.00
45.00
44.00
44.00
44.00
44.00
45.00
44.00
44.00
44.00
44.00
44.00
45.00
44.00
44.00
44.00
44.50
44.00
44.00
44.00
44.00
44.00
44.00
44.00
44.00
44.00
44.50
44.00
44.00
45.00
44.00
44.00
44.00
44.00
44.00
44.00
44.00
44.00
44.00
45.00
44.00
44.00
44.50
44.00
44.00
44.00
44.00
44.00
44.00
44.00
44.50
44.00
45.00
44.00
44.00
44.00
44.00
44.00
44.00
44.00
44.00
45.00
44.50
44.50
44.00
44.00
44.50
44.00
44.00
44.00
44.00
45.00
44.00
44.00
44.00
43.00
43.00
43.00
43.00
43.00
43.00
43.00
43.00
43.00
43.00
43.00
43.00
43.00
43.00
43.00
43.00
43.00
43.00
43.00
43.00
43.00
43.00
43.00
43.00
43.00
43.00
43.00
43.00
43.00
43.00
43.00
43.00
43.00
43.00
43.00
43.00
43.00
43.00
43.00
43.00
43.00
43.00
43.00
43.50
43.00
43.00
43.00
43.00
43.00
43.00
43.00
41.00
43.00
43.00
43.00
43.00
44.00
43.00
43.50
43.00
42.50
43.50
44.00
44.00
44.00
44.00
44.00
44.00
44.00
44.00
42.00
44.00
44.00
44.00
44.00
44.00
44.00
43.00
44.00
42.00
42.00
42.00
42.00
44.00
42.00
42.00
42.00
42.00
42.00
42.00
42.00
42.00
42.00
42.00
42.00
42.00
43.00
42.00
42.00
41.50
41.00
42.00
42.00
42.00
42.00
42.00
42.00
42.00
42.00
42.00
42.00
42.00
42.00
43.50
42.00
42.00
42.00
42.00
42.00
42.00
42.00
42.00
42.00
42.00
42.00
42.00
42.00
42.00
42.00
42.50
42.00
42.00
42.00
42.00
42.00
42.50
43.00
42.00
42.00
43.00
42.00
43.00
41.50
42.00
42.00
42.00
42.00
42.00
42.00
42.00
42.00
42.00
42.00
42.00
42.00
42.00
42.00
42.00
42.00
42.00
44.00
43.00
42.00
42.00
42.00
42.00
43.00
55.00
55.00
55.00
56.00
56.00
56.00
56.00
56.00
56.00
53.00
53.00
52.50
53.50
53.00
52.50
52.00
53.00
52.00
52.00
52.00
52.00
52.00
52.00
52.00
52.00
53.00
52.00
52.00
52.00
52.00
52.00
52.00
52.00
52.00
52.00
52.00
52.00
52.00
52.00
52.00
52.00
52.00
52.00
52.00
52.00
52.00
52.00
52.00
52.00
52.00
54.00
54.00
54.00
54.00
54.00
54.00
54.00
54.00
54.00
54.00
54.00
54.00
52.00
52.00
54.00
56.00
56.00
56.00
56.00
55.00
56.00
55.00
54.00
55.00
55.00
56.00
55.00
55.00
54.50
55.00
55.00
55.00
54.00
55.00
55.00
54.50
55.00
55.50
55.00
53.00
55.00
54.50
53.00
55.00
55.00
55.00
55.00
55.50
55.00
55.00
53.00
53.50
55.00
53.00
55.00
54.00
55.00
53.50
55.50
55.00
55.50
55.00
55.00
55.00
54.00
55.50
53.00
54.50
54.00
55.00
54.00
53.00
54.00
53.00
54.50
53.00
54.00
53.50
53.00
53.00
53.50
54.50
52.50
55.00
53.00
55.00
53.00
54.00
54.00
55.00
55.00
55.00
55.00
55.00
55.00
56.00
55.00
56.00
55.00
55.00
55.00
54.00
55.00
55.00
55.50
55.00
55.00
56.00
55.50
56.00
55.00
55.00
55.00
55.50
55.50
55.00
55.00
56.00
55.50
53.50
55.00
54.00
55.00
55.00
55.00
53.00
53.00
52.00
52.00
52.00
52.00
53.00
52.00
52.00
52.00
53.00
52.00
52.00
53.00
54.00
52.00
54.00
54.00
54.00
52.00
52.00
55.00
54.00
54.00
53.00
52.00
52.00
166.00
172.00
199.00
223.00
224.00
225.50
232.00
233.00
237.00
239.00
244.00
245.00
246.50
248.00
248.00
249.00
248.00
247.00
245.00
241.00
241.00
238.00
236.50
238.00
237.00
239.50
239.00
242.00
241.50
242.00
243.00
241.50
242.00
243.00
243.00
244.00
243.00
244.00
244.50
245.00
247.00
245.00
245.00
244.50
244.50
246.00
245.00
245.00
245.00
244.50
248.00
244.50
245.00
244.00
245.50
244.00
245.00
248.00
247.00
248.00
248.00
248.00
248.00
246.00
247.50
246.00
246.00
245.00
245.50
244.00
54.50
55.00
55.00
55.00
55.00
55.50
55.00
55.00
55.00
55.00
55.00
55.00
55.00
55.50
55.50
55.00
55.00
55.00
55.00
55.00
55.00
55.00
55.00
55.00
55.00
55.00
55.00
55.00
55.00
55.00
55.00
55.00
55.00
56.00
55.00
56.00
55.00
55.00
54.00
55.00
55.00
55.00
55.00
55.50
55.50
55.50
55.00
55.00
55.00
55.00
55.00
55.00
55.00
55.00
54.50
55.50
55.00
55.00
55.50
44.00
44.50
44.00
44.50
44.50
44.00
44.00
44.00
44.00
43.00
41.00
41.00
42.00
43.00
43.00
43.00
43.00
42.00
43.00
43.00
43.50
43.00
43.00
44.00
43.00
43.00
43.00
43.00
43.50
43.00
43.00
43.00
43.00
43.00
42.50
41.00
43.00
41.00
41.00
41.00
43.00
41.50
41.00
43.00
40.00
44.00
39.00
41.50
40.00
40.50
42.00
43.00
43.00
43.00
40.00
43.00
41.00
43.50
42.00
42.00
42.00
42.50
42.00
42.00
42.00
42.50
42.00
43.00
40.00
42.00
40.50
41.50
41.00
40.00
42.00
44.00
44.00
43.00
42.00
42.00
44.00
44.00
44.00
44.00
42.00
44.00
44.00
44.00
44.00
44.00
44.00
44.00
44.00
44.00
43.00
44.00
42.00
44.00
44.00
44.00
44.00
44.00
44.00
44.00
44.00
42.00
44.00
44.00
44.00
44.00
44.00
44.00
44.00
44.00
44.00
44.00
44.00
44.00
44.00
44.00
44.00
44.00
44.00
44.00
44.00
44.00
44.00
44.00
44.00
44.00
44.00
44.00
44.00
44.00
44.00
42.00
44.00
43.00
44.00
44.00
44.00
43.00
44.00
44.00
43.00
44.00
44.00
44.00
44.00
44.00
42.00
44.00
44.00
44.00
44.00
44.00
44.00
44.50
44.00
44.00
44.00
44.00
44.00
44.00
45.00
44.00
44.00
44.00
44.00
44.00
44.00
44.00
44.00
44.00
44.00
44.00
44.00
43.00
44.00
44.00
44.00
44.00
44.00
44.00
44.00
41.00
41.00
41.00
43.00
41.00
43.00
43.50
41.00
42.50
42.00
45.00
55.00
54.50
57.50
57.00
56.00
55.00
55.00
53.00
55.50
53.00
173.00
173.50
177.00
177.00
179.50
187.00
188.00
191.00
188.00
199.00
200.00
201.00
201.50
201.00
202.50
202.00
201.50
202.50
202.00
202.00
202.50
201.50
201.00
201.00
202.00
203.00
202.00
204.00
201.00
204.00
204.50
202.00
204.00
202.00
202.00
200.00
201.00
201.00
202.00
201.00
202.50
203.00
201.50
203.00
202.00
203.00
202.50
201.50
203.00
203.00
201.00
203.00
202.00
202.00
202.00
202.50
203.00
202.00
203.00
203.00
203.00
203.00
203.00
203.50
203.00
203.00
203.00
203.00
203.00
203.00
202.00
203.00
200.00
202.00
201.00
202.00
201.50
204.00
203.00
201.00
202.50
201.00
201.00
200.50
201.00
202.00
200.00
200.00
200.00
199.00
200.50
200.50
200.00
200.00
201.00
2117.00
2101.00
211.50
2074.00
2094.00
2071.00
199.00
197.00
199.00
199.00
199.00
198.00
199.00
199.00
199.00
199.00
199.00
197.00
199.00
199.00
199.00
197.00
199.00
186.50
44.00
44.00
44.00
44.00
43.00
44.00
44.00
44.00
44.00
44.00
44.00
44.00
44.00
43.00
43.00
44.00
44.00
44.50
44.00
44.00
44.50
44.00
44.00
44.00
44.00
44.00
44.00
44.00
44.00
44.00
43.00
41.00
43.00
41.00
43.00
43.00
43.00
42.00
43.00
43.00
42.50
43.00
43.00
43.00
43.50
43.00
43.00
43.00
43.00
43.00
43.50
43.00
43.00
42.00
42.50
43.00
43.00
42.00
43.00
44.00
43.00
43.00
43.00
43.00
43.00
43.00
43.00
42.50
43.00
43.00
43.00
43.00
43.00
42.50
43.00
43.00
15.00
15.00
15.00
15.00
15.00
15.00
15.00
15.00
15.00
15.00
14.00
15.00
15.00
15.00
14.50
16.00
15.00
15.00
15.50
15.00
16.00
14.50
15.00
16.00
14.00
14.00
16.00
14.00
15.00
14.00
15.00
16.00
14.00
14.00
16.00
16.00
16.00
14.00
14.00
14.00
15.00
15.00
14.00
14.00
14.00
15.00
15.00
14.00
14.00
14.00
14.00
14.50
14.00
14.00
15.00
14.00
14.00
16.00
14.00
14.00
14.00
15.00
16.00
15.00
15.00
14.00
14.00
16.00
14.50
14.00
14.00
14.00
14.00
14.00
14.00
16.00
14.00
16.00
16.00
16.00
14.00
15.00
14.00
16.00
14.00
15.00
15.00
15.00
15.00
14.00
14.00
16.00
14.00
16.00
15.50
14.00
16.00
14.50
15.50
14.00
16.00
14.00
17.00
16.00
16.00
15.50
16.00
14.00
14.00
16.00
16.00
16.00
15.50
14.00
14.00
15.00
16.00
16.00
14.00
16.00
14.00
15.00
15.50
14.00
14.00
16.00
16.00
16.00
14.00
15.00
16.00
15.00
14.00
14.00
16.00
15.00
15.00
16.00
15.00
15.00
15.00
15.00
15.00
15.00
15.00
15.00
15.50
16.00
15.00
15.00
16.00
15.00
15.00
15.00
15.50
14.50
15.00
15.00
16.00
15.00
15.00
15.00
15.00
15.00
15.00
16.00
15.00
15.00
15.50
15.00
15.00
15.00
15.00
15.00
15.00
15.00
15.00
14.50
15.00
15.00
15.50
15.00
15.00
15.00
15.50
15.00
15.00
16.00
14.00
15.00
15.50
15.00
15.00
16.00
15.00
15.00
15.00
15.00
14.00
16.00
15.50
16.00
16.00
15.00
16.00
15.00
15.00
16.00
16.00
14.00
15.00
14.00
14.00
16.00
16.00
16.00
16.00
15.00
14.00
14.00
15.00
15.00
14.00
14.50
16.00
15.00
16.00
15.00
14.00
16.00
16.50
15.00
16.00
14.00
16.50
16.00
16.00
14.00
16.00
16.00
15.00
14.00
16.00
15.50
17.00
14.00
16.00
14.00
14.00
15.00
15.00
16.00
16.00
14.00
14.00
16.00
16.00
16.00
16.50
14.00
16.00
14.00
14.00
16.00
14.00
14.00
15.00
17.00
16.00
14.00
14.00
16.00
14.00
15.50
16.00
14.00
17.00
16.00
16.00
16.00
16.50
14.50
16.00
14.00
15.00
15.00
16.00
14.00
14.00
16.00
15.00
16.00
14.00
15.00
16.00
14.00
14.00
15.00
14.00
15.00
16.50
14.00
14.00
14.00
16.00
16.00
14.00
16.00
14.00
14.00
16.00
14.00
15.00
15.50
15.00
15.00
15.00
15.00
15.00
15.00
15.00
15.00
15.00
15.50
15.00
15.00
15.00
15.00
15.00
15.00
16.00
15.00
15.00
15.00
15.00
15.00
15.00
16.00
15.00
15.00
15.50
15.00
15.00
14.50
15.00
15.00
15.00
15.00
15.00
15.00
15.00
15.00
15.00
15.00
15.50
16.00
15.00
15.00
15.00
15.00
15.00
15.50
15.00
15.00
15.00
15.00
15.00
15.00
15.00
15.00
15.00
15.00
15.00
15.00
15.50
15.00
14.00
14.50
14.00
15.00
15.00
14.00
14.00
16.50
14.00
16.00
14.00
15.50
16.00
16.00
15.00
16.00
14.00
15.50
15.00
13.00
14.00
15.00
14.00
15.00
16.00
16.50
15.00
16.00
14.00
15.50
17.00
14.50
16.00
14.00
14.00
14.00
16.00
16.00
16.00
14.00
16.00
15.50
17.00
14.00
14.00
16.50
16.00
16.00
16.00
14.00
16.00
14.50
16.00
14.00
