100.00
101.50
104.00
102.50
101.50
101.00
101.50
102.00
101.50
223.00
234.50
230.50
227.00
225.00
220.50
220.50
219.50
217.50
220.50
223.00
221.00
217.50
216.00
215.50
217.50
216.00
216.00
215.50
216.50
214.50
215.50
215.50
215.50
214.50
215.50
215.50
216.50
212.50
214.50
215.50
214.50
212.50
223.00
220.50
220.50
217.00
213.50
216.50
214.50
213.00
212.50
214.50
213.00
213.00
212.50
212.50
213.50
213.50
221.50
221.50
221.50
219.50
216.50
219.50
215.50
216.50
106.50
104.50
105.00
105.50
106.50
105.00
107.50
102.50
104.50
100.50
101.00
106.50
105.50
107.50
105.50
106.50
105.50
104.00
104.50
105.50
104.50
106.00
107.00
105.50
100.50
104.00
100.00
100.50
101.50
99.50
100.50
99.50
101.00
101.50
101.00
101.00
102.00
101.50
105.00
100.50
102.50
100.00
100.50
106.00
114.00
102.00
206.50
230.00
228.50
219.50
231.50
224.00
221.50
223.50
221.50
222.50
220.50
220.50
221.50
218.50
219.50
219.50
220.50
221.00
214.00
219.50
225.50
216.50
217.00
215.50
224.50
220.00
217.50
217.00
211.50
209.50
215.50
213.50
218.50
208.50
218.00
213.00
216.50
220.50
215.00
212.50
214.00
214.50
215.50
212.50
215.00
213.00
210.50
215.50
216.00
213.50
212.50
209.00
214.50
215.50
214.50
106.50
113.50
105.50
104.00
104.50
105.50
110.00
105.50
105.50
110.50
105.50
105.50
105.50
105.50
104.50
106.50
108.50
104.00
107.00
104.50
106.00
104.50
105.50
101.00
101.00
100.50
100.00
100.50
100.50
100.50
99.50
98.00
99.50
98.00
102.00
98.50
100.00
97.50
98.50
100.00
96.00
99.50
99.50
95.50
102.00
109.50
100.00
98.50
111.50
165.00
238.00
238.50
235.50
231.00
226.50
224.50
221.00
226.50
220.50
220.00
219.50
222.50
217.50
219.00
218.50
222.50
223.00
219.50
218.50
220.00
219.50
219.50
219.00
225.00
222.50
219.50
220.00
218.50
219.00
219.00
218.50
219.50
220.50
219.00
220.50
220.50
220.50
216.50
216.50
225.50
217.50
220.00
218.50
225.50
224.00
219.50
218.50
218.50
220.50
220.00
217.00
216.50
105.50
112.00
105.50
105.50
106.00
107.50
107.50
107.00
95.50
105.50
105.00
105.50
106.50
106.50
106.00
106.50
104.50
104.00
105.50
101.50
101.50
102.50
100.50
98.50
102.00
102.50
102.50
102.50
100.50
101.50
100.00
104.00
99.50
102.00
102.00
100.00
101.50
100.50
100.50
101.50
101.50
100.50
100.50
104.50
100.50
103.50
109.50
107.50
107.50
107.50
107.50
236.50
237.50
236.00
231.50
229.50
219.50
225.50
222.50
220.50
221.50
223.50
221.50
229.50
225.50
219.50
230.50
222.50
218.50
217.50
217.50
215.50
216.00
215.00
217.00
214.50
215.50
214.00
215.50
213.50
215.00
215.50
215.50
214.50
214.00
214.50
213.50
211.50
218.50
212.50
218.50
213.50
211.50
208.50
216.50
212.50
224.50
219.50
217.50
213.50
218.50
216.50
104.50
105.50
105.50
104.50
104.50
108.50
105.50
104.50
106.50
105.50
104.50
114.50
107.50
104.50
105.50
105.00
105.00
101.50
100.50
102.00
100.50
100.50
100.50
100.50
100.50
101.00
99.50
100.50
101.50
100.50
100.50
104.50
96.50
100.50
101.50
99.50
100.50
100.50
105.00
101.50
100.50
107.50
104.50
108.50
108.50
102.00
104.00
106.50
105.00
109.00
109.50
104.50
107.00
234.50
239.50
237.50
237.50
227.50
224.50
226.50
222.50
217.50
223.00
222.50
222.50
220.00
221.00
219.50
215.50
219.50
221.50
220.50
222.50
218.50
219.50
221.50
222.00
220.50
217.50
219.00
218.00
217.50
218.00
220.00
218.50
228.50
222.50
213.50
220.00
219.50
227.50
220.50
217.00
213.50
218.50
224.50
217.50
221.50
217.50
217.00
218.50
216.50
105.50
106.50
105.50
105.50
106.00
107.50
106.00
105.50
104.50
106.50
105.50
107.50
106.00
107.00
105.50
104.50
102.00
101.50
99.50
102.00
100.50
100.50
99.50
100.00
101.50
100.50
96.00
101.50
102.50
102.50
96.00
99.50
100.50
95.50
100.50
100.50
100.50
101.00
100.50
101.50
101.50
99.50
112.50
107.00
106.50
107.50
107.50
107.50
106.00
106.50
108.00
104.50
102.00
106.00
106.50
219.50
234.50
236.50
231.50
227.50
229.00
225.00
222.50
220.00
220.50
222.50
218.50
216.00
217.50
216.50
214.50
215.50
213.50
215.50
215.50
215.50
217.00
216.50
216.50
220.50
215.50
215.50
218.50
217.00
220.00
211.50
212.00
216.50
217.50
214.00
215.50
211.50
217.50
219.00
219.50
218.50
219.00
217.50
216.50
222.00
217.00
217.50
216.50
107.00
105.50
106.50
106.00
109.00
105.50
108.50
108.50
106.50
105.50
107.50
106.50
91.50
99.00
102.50
101.50
104.00
96.50
99.50
97.50
101.00
99.50
99.50
102.50
100.50
100.50
99.50
100.50
100.50
100.00
99.50
100.50
101.50
99.00
96.50
96.50
101.50
103.00
111.50
106.00
109.50
106.50
108.00
109.50
108.00
106.50
106.00
107.50
108.00
107.00
105.50
107.50
107.50
106.50
105.00
105.50
220.00
236.50
236.50
239.50
232.50
222.50
230.00
222.50
221.50
222.00
220.50
219.00
221.00
220.50
213.50
219.50
223.50
220.50
219.50
221.00
219.50
221.50
228.50
215.50
220.50
220.50
223.00
226.50
221.50
217.00
220.00
218.50
219.00
216.50
226.50
222.50
214.00
217.50
218.50
227.50
217.50
220.50
218.50
220.50
217.50
217.00
105.00
105.50
106.50
107.50
105.50
108.50
108.50
108.50
101.50
102.00
102.50
101.50
101.50
100.50
101.00
98.50
97.50
105.50
96.50
99.50
100.50
100.50
97.50
101.50
99.50
100.50
101.50
100.00
92.50
99.00
99.50
98.50
95.00
109.00
100.50
114.50
106.50
107.50
104.50
106.50
105.50
105.50
106.50
105.50
107.50
105.50
105.50
105.50
107.50
105.50
105.50
105.50
105.50
110.50
114.50
106.50
101.50
108.50
106.50
102.50
230.00
234.50
234.50
226.00
224.00
219.50
219.50
219.50
216.00
215.00
217.50
216.50
211.00
217.50
216.50
217.50
215.50
216.50
217.50
212.00
214.50
214.50
217.50
215.00
215.50
218.50
214.50
220.50
223.00
221.00
218.50
220.50
221.00
220.50
219.00
215.50
220.00
218.50
219.50
215.00
216.50
217.50
214.50
217.50
218.50
107.50
106.50
106.50
106.50
97.50
101.00
108.50
101.50
100.50
99.50
100.00
101.50
100.50
101.50
100.50
99.50
100.50
99.50
99.50
99.50
100.00
99.50
100.50
101.50
97.50
89.50
99.50
105.50
105.50
110.50
106.00
106.00
106.50
106.50
111.50
111.50
109.50
104.50
102.50
105.00
107.50
102.50
95.50
105.50
116.50
107.50
103.50
103.00
104.50
105.50
110.50
106.50
106.50
105.50
111.00
110.00
106.50
106.50
105.50
99.50
115.50
113.00
237.50
238.50
231.00
235.50
232.50
227.00
225.50
225.00
230.50
223.00
224.50
223.50
223.00
219.50
216.50
221.00
222.50
225.50
220.50
221.50
221.50
220.50
222.00
222.50
222.50
222.00
222.50
221.00
217.50
220.50
218.00
220.50
219.50
219.00
218.00
219.00
219.50
218.50
216.50
218.50
211.50
213.50
213.50
215.50
216.50
101.00
100.50
110.00
100.00
99.00
102.50
101.00
99.50
97.50
104.50
98.00
100.50
109.50
113.00
100.50
102.50
100.50
101.00
99.50
100.50
100.50
99.50
107.50
107.00
107.50
105.50
107.50
109.50
107.50
105.50
109.00
108.50
110.50
104.00
104.50
108.50
105.50
102.50
106.50
109.50
107.50
104.50
108.50
106.00
105.50
101.50
101.50
101.50
111.50
101.50
103.00
109.50
103.50
105.00
100.00
104.50
107.00
92.50
98.00
107.00
99.50
100.50
99.50
100.00
216.50
233.50
232.00
229.50
226.50
221.50
220.50
219.50
223.00
222.00
221.50
223.50
220.00
224.50
220.50
220.50
222.50
220.50
222.50
222.50
222.50
219.50
223.00
218.50
221.50
221.50
221.50
219.50
219.50
216.00
219.50
218.50
213.50
216.00
214.50
213.50
216.00
213.50
213.50
215.00
214.50
213.50
215.00
211.50
212.50
101.50
102.50
101.00
93.50
100.00
101.50
102.00
101.00
97.50
107.50
95.50
98.50
100.50
99.50
105.50
111.00
104.50
106.50
106.50
107.50
106.00
107.00
106.50
108.50
109.00
107.50
106.50
107.50
102.00
106.00
106.50
106.00
100.50
107.00
114.50
107.50
112.00
101.50
106.50
106.00
104.50
108.50
105.50
106.50
105.50
105.00
106.50
104.50
107.00
105.50
107.50
103.50
110.50
105.50
123.50
119.50
103.50
105.50
110.50
111.50
107.50
107.50
108.50
105.50
105.00
105.50
164.50
238.00
239.00
233.50
232.50
228.00
225.50
223.50
223.00
220.50
223.50
221.50
222.50
221.00
223.50
224.00
220.50
222.50
222.00
220.50
225.50
215.50
215.50
214.50
216.50
216.50
217.50
229.50
218.50
217.00
216.00
214.50
216.50
215.50
215.50
213.50
215.00
215.50
206.50
212.50
212.50
215.50
211.00
214.50
100.50
106.50
100.50
111.50
104.50
105.50
106.50
107.00
105.50
103.50
108.50
107.50
105.50
105.50
105.50
107.50
105.50
105.00
101.50
101.50
105.50
104.00
107.50
105.50
104.00
107.00
108.50
103.00
100.00
103.50
101.50
100.00
100.50
99.50
98.50
100.50
104.00
101.50
101.50
100.50
101.50
98.50
101.50
100.50
101.00
100.50
101.50
100.00
99.50
101.50
101.50
100.50
101.50
111.50
107.50
106.50
104.50
106.50
105.50
106.50
107.00
106.50
107.50
112.50
102.50
102.50
103.50
106.00
107.50
240.50
238.50
235.00
233.50
224.00
224.50
221.50
217.50
217.50
216.50
216.00
219.50
216.50
217.50
217.50
216.50
216.50
214.50
216.00
219.00
215.50
213.50
219.50
209.00
213.00
216.00
218.50
217.50
216.50
222.00
217.50
223.50
213.50
214.50
220.50
219.50
220.50
221.50
220.50
219.50
219.50
163.50
107.50
106.50
106.50
107.00
105.50
106.50
107.00
105.50
106.50
106.50
106.00
106.50
106.00
107.50
106.50
101.50
112.00
105.50
105.00
103.00
100.50
99.50
106.50
100.50
105.50
106.50
107.50
109.00
106.00
113.00
110.50
104.50
117.00
104.50
105.50
105.50
104.50
107.00
106.00
105.50
106.50
106.50
105.50
106.00
106.50
107.50
106.50
106.50
105.50
107.50
105.00
106.50
107.50
107.50
107.50
108.00
105.50
105.50
105.00
106.00
107.50
110.50
106.00
107.50
105.50
106.00
104.00
102.00
101.50
103.50
230.00
226.50
238.00
228.50
222.50
221.00
220.50
218.50
216.50
218.00
218.00
217.50
218.00
215.50
215.50
217.00
214.50
222.50
221.50
219.00
213.50
227.00
231.00
221.50
225.50
221.50
219.50
222.50
219.50
220.50
221.50
219.50
221.50
220.50
224.50
220.50
221.50
213.50
213.50
218.50
219.50
219.50
102.00
111.50
100.50
100.50
101.50
100.50
101.00
101.00
102.50
101.50
101.50
101.50
100.50
99.50
101.00
102.50
100.50
100.00
99.50
101.50
100.00
102.50
101.50
100.50
100.50
100.50
99.50
99.00
99.50
107.50
106.50
104.50
106.50
106.50
106.50
107.50
107.50
105.00
105.50
105.50
106.50
106.50
106.50
107.50
109.00
107.50
106.50
106.50
107.50
107.50
106.50
106.50
105.50
103.00
98.50
102.50
103.50
102.50
98.50
99.50
100.50
100.50
101.50
100.50
99.00
101.00
102.50
104.50
104.50
101.50
100.50
100.50
101.50
102.50
233.00
235.50
236.50
222.50
224.50
231.50
230.50
223.50
226.50
223.00
224.50
222.00
223.00
223.50
222.50
220.50
222.50
223.50
221.50
222.00
218.50
221.50
222.00
219.50
220.50
220.50
221.00
224.00
220.50
229.00
220.50
221.50
226.50
217.50
220.00
218.50
219.50
216.00
229.00
224.00
108.50
106.50
106.50
106.50
107.00
113.50
106.50
106.50
108.50
106.50
106.50
107.50
106.50
106.50
106.50
109.00
106.50
106.50
106.00
106.00
107.50
106.50
107.00
104.50
105.50
106.50
106.50
106.50
106.50
105.50
104.50
107.50
112.00
112.50
102.50
102.00
104.50
106.50
102.50
100.00
102.50
96.50
101.50
102.50
100.50
101.00
100.50
101.50
101.50
112.50
118.50
117.50
113.50
195.50
201.50
360.75
361.00
361.00
354.50
362.50
358.00
356.00
355.50
359.00
371.00
362.50
358.50
357.00
355.00
360.50
355.00
355.00
350.00
357.00
352.50
484.00
483.00
477.00
481.50
476.75
476.50
475.50
469.50
468.00
469.00
467.00
468.00
463.00
462.00
461.00
461.00
646.50
643.25
644.00
642.00
648.25
641.00
643.50
646.50
643.00
645.50
647.50
654.50
658.00
658.00
643.00
639.00
645.50
644.00
642.50
641.00
641.50
643.50
642.50
644.50
601.00
480.00
478.00
477.75
479.50
479.50
481.00
480.00
480.50
478.50
478.50
480.50
480.50
478.75
478.00
476.50
477.00
479.50
479.50
479.50
477.50
479.50
473.50
457.00
458.50
457.00
457.00
457.50
458.50
459.50
459.50
459.50
460.50
458.25
459.50
457.00
460.00
457.50
457.50
455.00
457.25
458.00
457.50
458.75
456.00
454.00
457.50
454.00
454.00
460.50
461.25
459.50
457.50
455.75
450.00
452.00
453.50
450.00
454.50
451.25
452.75
451.00
452.25
450.50
453.50
454.00
454.50
455.00
454.00
454.50
456.50
453.00
454.50
458.00
461.25
462.75
590.50
594.50
591.50
590.00
595.50
584.50
580.00
579.50
576.00
579.50
574.00
573.00
575.00
597.75
583.25
582.50
580.00
584.00
584.50
582.75
585.00
585.50
583.00
583.00
582.00
582.50
583.50
582.00
583.00
578.50
581.00
578.00
579.00
576.00
576.00
574.50
575.50
577.00
574.50
572.50
515.00
458.00
464.50
459.00
460.00
454.00
456.50
457.00
455.00
462.50
458.00
458.00
459.00
461.00
461.00
450.50
459.00
458.00
458.00
458.00
454.50
453.00
454.50
457.50
455.00
479.50
480.50
485.00
1504.75
1499.50
1496.00
1548.50
1501.00
609.75
612.00
612.50
614.00
673.00
1557.50
1498.00
1506.50
613.00
610.00
612.50
626.00
1527.50
1022.50
795.00
3261.25
1617.50
607.00
740.50
741.00
774.50
2462.50
3662.25
3638.50
3620.50
3619.50
3612.00
3601.00
3599.00
3594.00
1959.50
1929.50
1748.00
547.50
544.50
1790.75
1752.00
1751.00
1748.00
1747.50
1751.00
550.00
553.00
549.50
548.50
548.50
552.50
565.50
554.50
554.50
553.50
548.50
552.50
553.00
541.50
539.50
540.00
538.50
626.50
540.50
539.50
541.50
540.00
541.50
541.50
542.50
542.50
541.50
542.00
542.50
536.50
536.50
534.50
537.50
536.00
535.50
534.50
534.50
342.00
330.50
338.50
329.00
331.50
202.50
203.00
199.50
85.50
83.00
86.50
85.50
83.50
85.50
85.50
84.50
84.50
84.50
94.00
93.50
91.50
92.50
92.50
91.50
91.50
89.50
91.00
91.50
91.50
89.00
85.50
89.50
90.50
91.50
89.50
90.50
91.00
91.50
86.50
86.00
90.50
89.50
83.50
91.00
92.50
90.50
91.50
88.50
89.50
87.50
84.50
92.50
90.50
91.00
89.50
90.50
91.50
89.00
90.50
87.50
103.00
98.50
92.50
90.00
89.50
91.50
90.50
88.50
89.50
92.50
89.00
92.50
89.00
88.00
89.00
222.50
222.50
219.50
214.50
212.50
209.50
208.50
207.50
211.00
206.50
197.50
207.50
201.50
204.50
207.00
204.50
204.50
201.50
202.50
200.50
204.50
209.50
201.50
204.50
200.00
202.00
203.50
199.50
200.00
203.50
199.50
199.00
198.50
199.00
204.00
198.50
199.50
197.50
199.00
197.50
198.50
198.50
86.50
86.50
91.00
90.50
91.00
90.50
94.00
90.50
87.00
91.00
91.50
92.50
93.00
91.00
89.50
89.00
99.00
97.50
89.50
90.00
90.50
90.50
92.00
87.00
90.00
84.50
82.00
84.50
84.50
86.50
89.50
85.50
89.50
86.00
83.50
86.50
81.50
83.00
82.50
82.50
84.50
83.50
82.00
80.50
75.50
84.50
84.50
83.50
83.50
84.50
83.50
89.00
90.00
89.50
90.50
90.00
90.00
91.50
90.50
95.00
87.50
90.50
89.50
92.50
91.50
89.50
88.50
87.50
90.50
89.00
84.50
89.50
88.50
90.00
90.00
97.50
83.00
84.50
84.50
81.50
87.50
220.50
213.50
213.50
214.50
210.50
205.50
204.50
202.50
203.50
201.50
201.50
201.00
202.00
200.50
200.50
201.00
201.50
202.50
200.00
199.50
199.50
206.50
205.50
207.50
205.50
205.00
206.50
200.50
199.00
204.50
207.50
203.50
206.50
204.50
204.50
206.50
200.50
202.50
207.00
204.50
203.50
91.50
89.50
90.50
89.00
97.00
90.50
89.50
88.50
90.50
88.50
89.50
90.50
88.50
90.00
89.00
90.00
90.50
90.00
90.50
90.00
96.00
88.50
93.50
85.50
90.00
89.50
88.50
86.00
88.50
94.50
89.50
92.00
92.50
93.50
89.50
90.50
91.50
86.50
92.00
90.00
87.00
88.50
90.50
89.00
91.50
89.50
90.00
89.00
89.50
90.50
89.50
88.50
84.50
83.00
84.50
84.00
84.50
82.00
83.50
84.50
85.00
84.50
84.50
84.00
85.00
85.50
84.00
85.50
85.50
86.00
84.00
87.50
84.00
83.00
83.50
84.50
80.50
83.50
84.50
101.50
89.00
216.00
222.50
222.50
218.50
214.50
212.00
209.50
210.50
208.50
207.50
206.50
208.50
206.50
205.50
206.50
207.00
206.50
205.50
207.00
206.50
202.50
200.00
201.50
200.50
201.50
200.50
200.00
202.50
200.50
203.50
205.50
200.00
198.50
197.50
198.00
197.50
200.50
201.00
197.00
189.50
80.50
85.00
85.00
85.50
81.50
83.50
86.00
88.50
89.50
88.50
89.50
91.00
89.50
89.50
99.00
89.50
91.50
95.50
89.00
89.50
90.50
89.50
89.50
89.50
89.50
94.50
90.50
91.00
91.50
102.50
86.50
84.50
84.00
83.50
85.00
84.50
83.50
84.50
84.00
83.50
84.50
83.50
85.00
84.50
83.50
84.50
83.50
85.50
84.50
84.50
83.50
83.50
83.50
84.50
83.50
84.50
85.50
90.50
91.00
90.50
89.50
90.00
90.50
91.50
84.00
89.50
92.50
92.50
89.50
89.50
89.50
90.50
88.00
89.50
90.50
89.50
93.50
89.50
90.50
89.50
89.50
84.50
97.00
90.50
223.50
224.00
222.50
214.50
215.00
212.50
213.50
209.50
206.00
207.50
204.50
203.00
213.50
215.50
222.50
209.00
215.00
206.50
208.00
209.50
208.50
205.50
205.50
206.50
206.50
210.00
206.00
206.50
207.50
210.50
205.50
205.00
202.50
207.50
204.50
204.50
208.00
204.00
200.50
153.50
88.50
90.50
88.50
89.50
89.50
91.50
89.50
85.50
79.00
86.50
81.50
88.50
89.50
83.50
79.00
84.00
84.50
84.00
83.50
84.50
85.50
84.00
84.50
83.50
84.00
83.50
84.50
84.00
84.00
83.50
85.00
82.50
83.50
90.50
88.50
89.00
89.50
88.00
90.50
89.50
88.00
90.50
89.50
88.50
90.00
88.50
90.50
91.00
91.50
93.50
89.50
89.50
89.50
90.50
91.50
91.00
82.00
90.50
91.50
89.50
87.00
79.50
84.50
86.00
82.50
83.00
84.50
86.50
85.00
84.00
84.00
84.50
84.50
85.50
83.50
84.50
84.50
85.50
83.50
84.50
85.50
217.50
222.50
225.50
222.00
218.50
213.00
211.00
210.50
209.50
210.00
208.50
210.50
209.50
206.50
208.50
209.50
209.00
207.50
209.50
209.00
206.50
207.50
207.00
208.50
202.50
201.50
202.00
199.50
201.50
202.00
201.50
201.50
201.50
201.50
499.00
496.50
494.50
492.50
485.50
484.50
85.00
86.50
94.50
84.00
85.50
83.50
84.00
83.50
85.00
83.50
85.00
90.50
89.50
89.50
89.50
90.00
90.00
90.50
89.50
89.50
88.50
89.50
89.00
88.50
88.50
90.50
89.50
87.50
96.00
89.50
89.50
89.00
87.50
93.50
83.50
81.00
90.50
89.50
89.00
89.50
89.50
90.00
89.00
89.00
89.50
89.50
89.50
90.50
90.00
90.00
91.50
90.50
98.00
95.50
89.50
89.50
89.50
89.50
89.50
89.50
89.50
88.50
89.50
88.50
89.50
88.50
501.50
496.50
495.00
491.50
490.50
489.50
493.00
494.50
492.50
493.50
485.50
487.50
490.50
493.50
491.50
496.50
490.00
489.50
484.50
481.50
496.50
485.50
482.00
485.50
486.50
480.50
484.50
483.50
483.50
484.00
84.50
84.50
86.50
83.50
83.50
81.50
85.00
82.50
84.50
85.00
85.50
84.50
84.00
83.50
84.50
89.50
90.00
88.50
87.50
86.50
88.00
89.50
87.00
87.50
87.50
86.00
87.50
90.50
90.50
94.50
90.50
90.50
90.00
91.00
89.50
90.50
88.50
89.50
85.50
85.00
84.50
84.50
84.50
84.50
253.50
247.50
233.00
230.50
229.50
232.50
231.50
230.50
228.50
223.50
226.50
217.50
224.50
219.50
217.50
223.00
221.50
229.50
219.00
220.00
221.50
223.50
224.00
223.00
222.50
221.50
221.50
218.50
221.00
221.50
222.50
221.00
220.50
224.50
221.50
217.00
217.50
218.50
209.50
218.50
218.50
223.50
217.50
217.50
210.50
214.00
206.50
209.50
207.50
211.50
210.50
208.00
210.50
206.50
208.50
207.50
210.50
207.50
207.50
207.50
212.50
212.00
207.50
208.50
206.50
208.50
206.50
208.50
206.50
204.50
210.50
214.50
210.50
221.50
213.50
212.00
211.50
208.00
211.50
210.50
210.50
210.50
215.50
88.50
89.50
88.50
88.50
89.50
89.50
89.00
88.50
92.50
85.50
89.50
86.50
98.50
88.50
87.50
87.00
88.50
89.50
88.50
88.00
90.00
87.50
93.50
89.50
93.50
96.00
86.50
87.50
96.00
95.00
89.00
91.50
89.00
89.50
90.00
84.50
91.50
89.50
92.00
88.50
89.50
88.50
90.00
87.50
90.50
92.50
96.50
91.50
94.00
87.50
93.50
90.00
87.50
91.00
88.50
88.00
88.50
97.50
89.50
89.50
84.50
88.00
84.50
84.50
83.00
84.00
82.50
222.50
225.00
220.50
214.50
219.00
206.50
207.50
210.50
210.00
206.50
206.50
207.00
205.00
206.50
208.50
201.50
204.50
203.00
215.00
212.50
209.50
212.50
210.50
209.50
209.00
208.50
211.50
210.00
209.50
210.50
209.50
211.00
209.50
208.50
210.50
208.50
208.50
215.50
209.00
209.50
198.00
210.50
201.50
201.50
204.00
202.00
203.50
84.50
82.50
81.50
83.00
78.50
105.50
105.50
108.50
108.50
107.00
108.00
107.50
107.50
109.00
107.50
108.50
108.00
96.00
83.50
83.50
89.50
83.50
89.50
90.00
88.50
88.50
88.50
99.50
112.00
113.50
171.00
89.00
90.50
88.50
87.50
87.50
88.50
88.50
88.50
87.50
87.50
87.50
87.50
87.50
87.50
86.50
82.50
219.50
221.50
218.50
215.50
209.50
207.50
207.50
206.50
206.50
207.50
207.50
207.50
208.50
208.50
207.50
209.50
287.50
283.50
293.50
291.50
283.50
285.50
288.50
292.00
289.00
300.50
300.00
289.00
269.50
291.00
292.50
294.50
295.50
293.50
295.50
297.00
296.50
293.50
294.00
293.00
284.50
283.50
289.50
281.50
291.50
287.00
284.00
290.50
283.50
277.00
287.00
282.50
286.50
271.50
286.50
288.00
175.50
170.50
169.50
172.50
173.50
173.50
172.50
176.50
178.50
190.00
184.50
178.50
176.50
173.50
175.50
173.50
177.00
178.50
175.50
178.00
167.50
169.50
170.50
178.00
167.50
174.50
175.50
169.50
172.50
171.00
170.50
169.50
174.00
176.50
171.00
169.50
175.50
178.50
176.50
172.00
169.50
156.50
174.00
173.50
162.50
165.50
169.50
167.50
169.50
171.50
163.50
161.50
160.50
176.50
168.50
170.50
163.50
163.00
165.50
173.50
170.50
283.50
302.50
302.00
298.50
295.00
278.50
270.50
281.50
275.50
278.50
278.50
277.00
291.50
290.50
284.50
287.50
285.50
288.00
292.00
278.50
291.50
292.00
291.50
290.50
290.50
289.50
290.50
292.50
290.50
291.50
289.50
286.50
285.50
287.50
286.50
284.50
283.50
285.50
285.50
285.00
286.50
283.00
284.50
285.00
286.00
172.00
172.50
173.00
171.50
171.50
171.50
173.00
172.50
101.50
101.00
99.50
106.50
111.50
103.50
109.00
103.50
102.00
104.50
101.00
103.00
105.50
104.50
105.00
105.50
104.00
101.00
106.50
104.50
103.50
115.00
129.50
129.50
133.00
132.00
126.50
131.00
128.50
127.50
129.50
129.00
122.00
120.50
124.50
124.50
123.50
122.50
123.50
123.50
121.50
123.00
126.50
120.50
122.50
120.50
5160.00
4962.50
4880.00
4873.75
4874.75
5011.00
5008.50
5138.50
5153.75
5148.00
5139.50
5076.75
4982.00
722.00
720.50
527.00
526.00
521.50
5420.75
5256.50
5226.75
5246.50
802.00
521.50
633.50
766.50
725.50
654.25
3195.25
5276.00
5277.75
826.25
823.00
548.50
783.50
789.50
693.00
716.00
777.00
790.50
797.00
760.50
811.50
552.00
788.75
768.50
758.00
678.00
698.50
648.50
667.00
699.50
708.50
555.00
542.50
697.50
534.00
540.25
754.50
747.50
1084.00
586.50
607.00
639.50
842.00
869.00
893.00
467.00
458.50
530.50
659.50
675.00
621.00
686.00
606.00
607.00
1754.75
1731.00
1704.50
478.00
521.50
724.00
535.50
592.50
694.00
613.50
530.50
1704.00
568.00
909.25
788.50
854.00
503.75
448.00
444.25
624.00
667.75
1728.00
381.50
920.50
399.50
1458.50
367.00
424.50
359.50
1452.50
281.50
369.50
266.50
184.50
427.50
1503.50
418.50
419.50
1543.50
458.50
399.50
481.50
500.50
479.00
638.50
428.50
985.00
838.50
673.00
638.00
642.00
656.50
683.50
311.50
292.50
288.50
459.50
464.50
494.50
494.00
462.50
444.50
537.50
474.00
538.50
550.50
465.50
1013.50
962.50
674.50
644.50
730.50
658.00
661.00
699.50
620.50
654.50
689.50
832.50
899.00
1056.50
1399.50
1209.00
1106.00
1127.50
1234.50
1225.50
1033.50
1325.50
1279.50
240.50
211.50
155.50
181.50
261.50
256.00
242.50
227.00
247.50
250.50
143.50
143.50
152.50
141.50
140.50
141.50
142.00
141.50
139.50
141.50
140.50
141.00
140.00
140.50
140.50
141.00
141.50
140.50
140.50
141.50
141.50
141.50
142.00
141.50
141.50
140.00
140.50
140.50
147.50
145.50
146.50
148.50
143.50
140.50
141.50
143.00
140.50
144.50
141.00
144.50
144.50
141.50
141.50
142.50
141.50
149.00
154.50
140.50
141.50
148.00
145.00
155.50
147.00
148.50
148.00
280.50
285.50
273.50
271.50
277.50
265.50
261.50
260.00
260.00
261.50
274.00
269.50
269.50
279.00
277.50
278.50
274.50
275.00
275.50
273.50
274.50
273.50
273.50
273.50
274.50
273.50
273.00
276.50
277.50
273.50
273.00
270.50
274.50
829.00
1379.00
1367.50
816.50
270.50
154.50
153.50
1272.50
155.50
1273.50
153.50
154.50
149.50
1269.50
148.50
135.50
1255.50
135.00
135.50
135.50
138.00
693.00
135.50
134.50
1244.50
134.50
129.50
135.50
135.50
135.50
135.50
136.00
136.50
136.00
135.50
135.50
134.50
134.50
136.50
143.50
141.50
140.50
135.50
135.50
134.00
134.50
135.00
135.50
135.50
135.00
135.50
134.50
134.50
134.50
135.50
134.50
137.00
135.50
135.50
135.50
135.50
135.50
137.00
137.00
142.50
136.50
141.50
135.50
145.50
145.00
136.50
137.50
144.50
135.50
141.50
148.50
139.50
135.50
143.50
143.50
269.50
270.50
269.00
269.00
261.50
259.50
256.00
256.50
276.50
275.00
272.50
274.50
274.00
274.00
275.50
272.50
272.50
272.50
273.50
275.50
274.50
272.50
271.00
270.50
272.50
273.00
275.00
276.50
277.50
276.00
277.00
271.50
271.00
270.50
5223.50
5109.00
5089.50
5095.00
5004.50
4996.00
4970.00
4969.00
4962.00
4981.00
5053.00
5058.00
5051.00
5074.50
5063.00
5060.00
5049.50
5059.50
524.50
492.00
485.00
4174.25
5091.50
5060.50
5069.00
5064.00
5066.50
509.50
498.50
500.00
1723.50
5116.00
5080.50
5078.00
5073.75
5065.50
510.50
476.75
489.00
470.50
5137.00
5076.00
5066.00
5046.00
5043.25
486.50
490.50
507.00
5198.25
5103.50
5069.25
5068.50
5066.50
3930.00
500.50
493.00
485.00
5146.75
5067.50
5058.50
5047.00
5052.00
494.50
499.50
508.25
499.00
5131.25
5066.50
5072.75
5055.00
2788.75
496.00
507.00
491.00
5162.00
5075.50
5057.75
5066.50
5184.75
631.75
632.25
638.00
626.00
5370.50
5199.50
5191.00
5171.75
5153.50
615.50
613.00
603.00
614.00
5207.50
5159.75
5171.50
5163.75
2878.50
622.50
615.00
613.75
5243.25
5170.50
5161.50
5152.00
5152.50
611.00
615.50
524.50
524.50
5214.75
5074.00
5062.00
5061.50
520.50
521.00
520.00
526.25
5030.25
4954.50
4952.75
4960.50
410.50
418.50
416.75
413.50
411.00
5016.00
4958.75
4971.00
4967.50
403.50
408.25
403.25
394.50
5132.00
4948.50
4948.50
4944.00
415.00
402.00
408.00
401.75
411.00
5169.25
4984.00
4952.50
4937.25
395.75
394.50
402.75
396.75
386.00
5122.25
4949.00
4929.00
4925.75
391.50
399.50
400.00
394.50
390.25
399.50
4997.50
4936.25
4938.75
380.25
387.00
407.50
413.25
407.00
413.50
5054.50
4980.75
4970.00
411.00
412.00
417.50
413.50
411.00
412.00
428.50
5010.50
4968.50
4968.50
418.50
410.00
409.50
415.00
415.50
434.00
420.00
452.50
5159.50
5124.00
5097.00
541.00
544.50
553.50
534.25
536.25
525.00
537.00
2893.00
5107.00
5097.50
2820.50
524.00
531.50
538.25
522.00
539.00
533.00
528.50
5249.50
5106.00
5084.75
543.00
531.00
537.25
520.50
535.50
536.00
537.50
541.00
535.50
540.50
530.00
540.75
535.00
425.00
427.00
413.75
430.00
424.00
426.75
420.50
423.00
426.50
421.00
429.00
416.50
424.25
420.00
415.50
414.25
432.75
425.00
426.00
422.25
430.50
432.00
430.50
430.25
429.00
428.25
428.50
432.00
426.00
434.75
430.50
430.00
443.00
443.25
443.00
438.25
442.75
432.00
431.50
437.00
431.50
427.50
431.50
433.50
439.00
432.50
439.00
439.00
438.00
438.75
444.50
439.50
440.25
424.75
434.00
429.00
426.50
430.00
437.75
427.50
431.50
432.75
295.25
156.50
146.50
143.00
142.50
156.50
145.50
144.50
149.00
151.50
148.50
147.00
156.50
154.50
145.50
290.50
285.00
289.50
273.50
285.50
270.50
278.50
281.50
264.00
272.00
269.50
271.00
269.50
282.50
265.50
278.50
271.50
275.50
272.00
274.00
270.50
281.00
272.50
273.50
273.50
260.50
278.50
279.00
264.00
276.50
266.00
259.00
259.50
266.50
263.50
258.50
260.50
137.50
142.50
143.00
144.50
149.00
139.50
139.00
138.50
142.00
141.50
142.00
141.50
142.50
144.50
140.50
141.50
141.50
141.50
141.50
141.50
142.00
140.50
141.50
140.00
141.50
141.50
146.50
132.50
132.50
133.50
132.50
132.50
132.50
132.00
131.50
131.50
130.50
133.00
133.00
133.50
134.00
131.50
133.50
133.50
131.50
127.50
127.00
128.50
127.50
126.50
127.50
126.00
125.50
127.50
126.50
127.50
126.50
126.50
126.50
126.50
126.00
126.50
126.50
184.00
244.50
5247.50
5053.25
5043.50
5036.50
5040.50
5048.00
5040.50
5086.50
5235.75
5244.00
570.50
571.25
678.50
692.00
868.25
935.25
770.50
916.00
865.75
900.00
682.00
928.25
880.00
936.50
926.25
963.00
680.50
899.50
892.00
929.50
676.50
964.50
923.50
986.50
894.75
948.00
700.00
885.00
909.75
933.00
683.00
937.75
906.50
890.00
888.50
889.50
905.50
809.50
971.50
780.50
569.00
788.25
792.00
850.00
824.25
870.00
840.50
717.25
661.50
880.50
670.50
646.50
857.00
804.00
700.50
792.00
815.50
735.75
979.00
1043.50
932.00
593.00
671.00
834.00
846.00
788.00
810.00
866.00
850.00
841.50
840.75
841.50
872.00
635.75
423.50
618.50
433.50
542.50
661.50
540.50
531.00
542.50
464.50
756.50
722.50
756.50
405.50
323.50
319.50
720.50
730.50
546.50
552.50
503.50
510.00
512.50
580.50
538.00
555.50
487.50
493.00
391.50
369.50
305.50
635.50
571.50
633.00
689.00
638.50
572.50
739.00
711.50
711.50
506.00
521.50
672.50
477.50
1096.00
899.50
799.00
790.50
787.50
757.50
441.00
363.50
359.50
616.50
458.50
590.50
485.50
486.50
486.50
362.50
548.50
334.50
539.50
487.50
774.00
715.50
631.50
649.50
607.50
624.50
655.50
619.50
616.50
599.00
669.00
620.50
820.50
942.50
882.50
888.50
1388.00
1171.50
1148.50
1317.50
1078.00
1198.50
1318.00
340.50
299.50
318.50
350.50
327.50
326.50
296.50
325.50
296.50
323.50
229.50
231.50
230.00
227.50
224.50
220.50
224.50
231.50
226.50
230.50
229.50
232.50
235.50
220.00
214.00
216.50
212.50
220.50
218.50
220.00
217.50
211.50
208.50
213.00
209.50
220.50
223.50
215.50
214.50
213.00
212.50
217.50
341.00
347.50
341.50
338.00
332.00
328.50
331.00
327.50
329.50
323.50
336.50
326.50
324.50
325.50
326.50
329.50
325.00
320.50
322.50
323.50
335.50
325.50
325.50
329.50
328.50
320.50
321.50
319.50
320.50
437.00
435.50
436.50
437.50
493.50
501.50
506.50
520.00
407.50
406.50
402.50
403.50
403.50
407.50
405.50
402.50
405.50
404.00
403.50
405.50
407.00
408.50
409.50
401.50
406.50
413.50
410.50
420.50
419.50
420.50
407.50
405.50
407.50
417.00
419.50
419.50
443.00
437.50
435.50
433.00
433.00
434.50
432.50
450.00
450.50
448.50
449.00
449.50
448.50
433.00
433.00
427.50
430.50
430.50
437.50
433.50
453.00
428.50
427.50
422.50
423.00
422.50
422.50
420.50
415.00
417.50
419.00
482.00
554.50
555.50
554.00
548.50
546.50
540.50
539.50
537.50
535.50
535.50
535.50
536.50
530.25
531.50
532.50
529.50
528.00
530.50
532.00
526.50
521.50
521.00
521.50
514.50
520.00
518.50
519.50
519.50
517.00
517.50
515.50
515.00
521.50
876.00
872.50
875.50
820.00
818.00
820.00
822.00
707.50
707.50
709.50
710.50
710.50
710.50
711.50
714.50
741.50
710.50
708.50
708.00
715.50
709.50
716.00
710.50
710.50
705.50
715.50
711.00
706.50
708.50
705.50
706.50
707.50
709.00
708.00
707.50
703.00
701.00
705.00
696.00
701.00
709.00
705.50
705.00
339.50
338.50
345.50
343.50
342.50
330.00
328.50
334.00
334.50
356.75
326.50
698.75
697.25
699.00
701.00
329.00
409.50
459.50
503.00
827.50
827.50
823.00
819.00
817.00
818.50
817.00
451.50
454.00
455.50
454.50
457.00
456.50
454.50
833.00
5694.00
5534.00
5556.00
5185.00
5173.50
5177.50
5197.00
5544.50
5520.75
5557.00
5549.00
5162.00
5167.00
5173.50
5157.50
5542.50
5516.00
5530.00
5526.00
5171.25
5201.00
5156.50
2500.00
2845.25
2833.50
2804.00
6914.00
6872.50
6833.00
6838.75
7266.00
7218.50
7180.50
4956.50
2373.00
2380.00
2361.00
7189.00
5292.00
5175.25
5178.50
5190.75
5163.00
699.25
700.50
571.50
577.25
5123.00
5188.50
5077.75
5086.50
5077.50
5079.75
2865.25
638.00
660.00
653.75
5140.75
5078.50
5072.75
5074.00
5077.50
5073.50
632.00
648.50
638.50
5341.25
5114.50
5080.00
5068.75
5064.00
5050.00
5075.50
623.50
634.50
626.50
1844.00
5103.25
5054.00
5055.25
5050.00
5043.75
5042.75
609.50
617.50
623.75
5144.00
5068.00
5051.50
5039.25
5194.50
5183.50
748.25
728.00
743.50
5303.75
5178.50
5163.00
5170.50
5152.25
5150.00
723.00
727.75
731.00
738.00
5344.75
5189.00
5181.50
5174.25
5180.00
717.50
711.50
732.75
721.00
5252.50
5182.25
5174.75
5161.50
5154.50
5161.00
723.00
716.25
719.25
716.50
5202.00
5175.50
5164.00
5174.50
5170.00
723.00
722.00
658.25
606.25
5163.00
5086.50
5086.50
5080.25
5067.50
607.25
611.00
600.50
609.50
2856.00
5091.50
5077.00
5064.50
5076.00
611.50
615.00
615.25
615.50
616.50
5173.50
5093.50
5087.50
5151.25
2838.75
610.50
609.50
601.25
601.00
5281.50
5093.00
5076.25
5093.50
5070.00
587.75
610.00
602.50
607.25
5283.00
5100.50
5081.50
5080.00
5065.50
599.50
734.50
737.50
734.00
3135.75
5252.50
5209.75
5201.50
2951.25
728.50
714.25
726.00
728.50
719.75
5298.25
5230.50
5206.50
5194.75
714.00
719.25
719.75
724.00
715.50
726.25
5270.25
5210.75
5215.50
716.25
713.00
722.00
720.25
718.50
716.50
716.75
5259.50
5226.00
5201.50
722.50
724.00
723.00
718.75
603.00
602.50
606.00
5180.50
5111.25
5105.75
609.00
601.00
625.50
613.50
608.50
621.50
616.25
612.50
614.00
5166.50
5106.50
5108.00
608.50
615.00
607.50
605.50
602.75
601.50
605.00
611.00
610.50
5145.50
5102.50
5102.75
598.50
606.50
603.75
608.75
611.00
601.50
606.75
610.00
612.00
603.75
602.00
611.00
613.50
599.50
607.00
600.00
599.50
600.00
604.00
607.50
606.50
602.50
606.25
605.00
598.00
608.25
597.00
598.50
600.00
603.50
605.00
607.75
601.00
603.75
606.00
606.00
603.00
611.00
610.25
605.00
604.00
608.75
739.75
746.00
753.50
745.25
735.50
734.25
736.75
731.75
743.00
747.25
731.00
729.00
728.00
744.50
736.50
736.50
717.75
737.00
738.00
729.75
739.50
740.50
730.25
736.00
731.50
725.00
734.25
725.00
461.50
461.00
468.50
460.50
458.50
464.50
437.50
440.50
447.00
430.50
435.50
445.00
453.00
457.50
459.00
456.50
458.50
358.50
352.50
354.50
348.50
350.50
348.50
352.50
350.50
349.50
351.50
351.50
349.00
349.50
348.50
352.50
349.50
350.50
350.50
346.50
348.50
349.50
348.50
349.50
349.00
343.50
342.50
326.50
325.50
323.50
329.00
328.50
331.00
328.50
328.50
330.00
327.50
326.50
327.50
329.00
326.50
327.50
327.00
326.00
328.00
326.50
325.50
325.50
327.00
329.50
326.50
332.00
332.50
331.50
331.50
337.50
327.50
326.50
327.00
331.50
326.50
326.50
321.50
325.50
327.50
329.50
328.50
325.00
328.00
329.50
327.50
325.50
324.50
324.50
326.50
324.50
336.50
328.50
332.00
325.50
324.50
324.50
325.00
327.50
322.50
452.50
459.50
450.50
459.00
448.00
447.50
595.00
610.00
601.00
610.00
597.50
597.00
596.50
598.50
596.00
591.00
600.00
602.00
598.50
601.50
596.50
598.00
596.00
595.00
591.00
592.00
600.50
597.00
619.00
623.00
627.50
619.00
618.00
620.50
622.50
618.00
615.00
617.00
614.00
612.00
611.50
611.50
665.00
654.50
816.50
704.50
695.50
695.50
697.50
691.50
693.50
695.00
699.00
705.50
698.50
700.50
699.00
698.00
698.00
699.00
703.00
696.00
694.00
695.00
691.00
695.00
702.00
699.00
702.00
701.00
697.50
703.00
702.00
702.50
702.50
704.00
702.00
703.50
698.00
697.00
698.00
720.00
723.00
724.00
700.50
701.00
699.50
697.50
704.00
692.00
695.50
697.00
695.00
697.50
698.00
696.00
694.50
695.50
694.50
697.00
693.50
691.00
698.00
644.00
645.00
643.00
641.00
641.00
643.00
643.00
643.50
642.00
642.00
642.75
642.50
645.50
647.50
647.00
648.00
645.00
644.00
645.00
646.50
645.50
647.00
641.00
639.50
781.50
781.00
776.50
783.00
771.00
785.00
785.50
788.00
783.50
781.25
781.00
780.25
782.00
781.00
780.00
781.00
777.25
779.00
774.00
775.25
774.00
774.50
776.50
773.50
773.00
771.00
776.00
774.00
774.00
777.00
605.00
603.50
603.50
603.50
603.50
602.50
603.00
602.50
603.00
591.00
588.50
590.50
593.50
591.00
590.50
587.50
568.00
507.50
455.50
453.00
465.50
466.50
467.00
467.50
468.50
468.00
478.00
465.50
473.50
469.00
465.50
472.50
462.00
472.50
472.50
470.50
474.00
468.50
471.50
470.50
470.50
471.50
471.00
468.50
469.50
470.50
467.50
468.50
468.50
482.50
465.50
467.50
457.00
404.50
405.50
403.50
430.50
432.50
431.00
430.50
429.50
429.50
427.50
428.50
427.50
429.00
428.50
433.50
431.00
433.00
423.50
431.00
428.00
429.50
430.50
429.50
429.50
435.50
428.00
430.50
428.50
428.50
431.00
427.50
428.50
427.50
426.50
426.50
425.50
426.50
427.50
453.50
450.00
447.50
449.50
448.50
449.00
306.50
306.50
306.50
306.50
475.50
477.00
598.50
473.50
310.50
306.50
303.50
314.50
310.00
308.50
308.50
307.50
307.00
291.50
292.50
293.50
292.50
289.50
295.50
291.50
301.50
284.00
290.00
292.50
293.00
288.00
295.50
294.50
290.50
287.50
298.50
287.00
283.00
283.50
284.50
284.50
259.50
261.50
261.00
276.50
276.50
277.50
277.50
276.50
277.50
164.50
163.50
163.50
163.50
167.00
164.50
122.00
105.50
107.50
103.50
105.50
103.50
111.50
110.50
106.00
108.50
108.00
107.00
105.50
104.50
104.50
102.50
105.50
103.50
104.00
102.50
104.50
106.50
104.50
105.50
107.00
102.50
105.50
107.00
107.00
108.50
103.50
103.50
101.00
102.50
107.00
105.50
104.50
105.00
104.50
104.50
103.00
99.50
103.50
104.50
99.00
104.50
104.50
105.00
105.50
105.50
105.50
104.00
103.00
99.50
106.00
104.50
116.50
112.50
111.00
105.50
104.00
104.00
102.50
103.50
104.50
94.50
105.50
111.00
101.50
100.50
106.00
104.50
105.50
102.50
105.00
106.00
